11.077836414781506
11.0778364147815
11.077836414781494
11.077836414781485
11.077836414781476
11.07783641478147
11.077836414781467
11.077836414781459
11.077836414781455
11.077836414781446
11.077836414781437
11.077836414781434
11.077836414781427
11.07783641478142
11.077836414781414
11.077836414781402
11.077836414781395
11.077836414781396
11.077836414781384
11.077836414781375
11.077836414781373
11.077836414781366
11.07783641478136
11.077836414781356
11.077836414781343
11.077836414781338
11.07783641478133
11.077836414781322
11.07783641478132
11.077836414781315
11.077836414781311
11.0778364147813
11.077836414781297
11.077836414781297
11.077836414781284
11.077836414781276
11.077836414781274
11.077836414781268
11.077836414781267
11.07783641478126
11.077836414781256
11.07783641478125
11.07783641478124
11.077836414781244
11.077836414781245
11.077836414781236
11.077836414781233
11.077836414781231
11.077836414781231
11.077836414781222
11.077836414781213
11.077836414781213
11.077836414781212
11.077836414781208
11.077836414781201
11.077836414781201
11.077836414781196
11.077836414781187
11.077836414781189
11.077836414781176
11.077836414781185
11.077836414781181
11.077836414781176
11.077836414781173
11.077836414781174
11.077836414781164
11.07783641478116
11.077836414781151
11.077836414781155
11.077836414781158
11.077836414781151
11.077836414781144
11.077836414781144
11.077836414781135
11.077836414781137
11.07783641478114
11.07783641478113
11.07783641478113
11.077836414781125
11.077836414781123
11.077836414781117
11.07783641478112
11.077836414781117
11.077836414781112
11.077836414781112
11.077836414781107
11.077836414781107
11.0778364147811
11.0778364147811
11.0778364147811
11.077836414781093
11.07783641478109
11.077836414781085
11.077836414781082
11.07783641478108
11.077836414781075
11.077836414781064
11.07783641478107
11.077836414781062
11.077836414781064
11.07783641478106
11.077836414781054
11.077836414781054
11.077836414781055
11.07783641478105
11.077836414781041
11.077836414781043
11.07783641478104
11.077836414781032
11.077836414781027
11.077836414781029
11.077836414781018
11.077836414781013
11.07783641478101
11.077836414781006
11.077836414781007
11.077836414780998
11.077836414781002
11.077836414780995
11.077836414780993
11.077836414780991
11.07783641478099
11.07783641478098
11.077836414780975
11.077836414780972
11.077836414780972
11.077836414780963
11.077836414780965
11.07783641478096
11.077836414780954
11.077836414780954
11.077836414780949
11.077836414780943
11.077836414780942
11.077836414780942
11.07783641478094
11.077836414780933
11.077836414780927
11.077836414780926
11.077836414780924
11.07783641478092
11.077836414780919
11.07783641478091
11.07783641478091
11.077836414780906
11.077836414780903
11.077836414780894
11.077836414780894
11.077836414780894
11.077836414780885
11.077836414780887
11.077836414780885
11.077836414780883
11.077836414780881
11.077836414780878
11.077836414780872
11.077836414780865
11.077836414780865
11.077836414780863
11.07783641478085
11.07783641478086
11.077836414780851
11.077836414780851
11.077836414780853
11.077836414780833
11.077836414780842
11.077836414780831
11.077836414780839
11.077836414780823
11.077836414780823
11.07783641478082
11.077836414780815
11.077836414780812
11.077836414780812
11.077836414780807
11.077836414780805
11.077836414780803
11.077836414780796
11.077836414780792
11.077836414780784
11.077836414780782
11.077836414780778
11.077836414780778
11.077836414780768
11.077836414780768
11.077836414780766
11.077836414780759
11.077836414780759
11.077836414780757
11.077836414780746
11.07783641478074
11.077836414780736
11.07783641478073
11.077836414780721
11.077836414780716
11.07783641478072
11.077836414780709
11.07783641478071
11.077836414780705
11.077836414780696
11.077836414780693
11.077836414780684
11.077836414780682
11.077836414780679
11.07783641478067
11.077836414780657
11.077836414780654
11.077836414780649
11.077836414780641
11.077836414780634
11.077836414780636
11.077836414780622
11.077836414780622
11.077836414780615
11.077836414780602
11.077836414780599
11.077836414780599
11.07783641478059
11.07783641478058
11.077836414780572
11.077836414780567
11.07783641478056
11.077836414780556
11.077836414780547
11.077836414780547
11.07783641478053
11.077836414780528
11.077836414780524
11.077836414780517
11.077836414780506
11.077836414780501
11.077836414780496
11.07783641478049
11.07783641478048
11.077836414780473
11.077836414780466
11.077836414780462
11.077836414780455
11.077836414780451
11.07783641478044
11.077836414780435
11.077836414780428
11.077836414780425
11.077836414780414
11.077836414780402
11.077836414780396
11.077836414780393
11.077836414780384
11.07783641478038
11.077836414780368
11.077836414780357
11.077836414780355
11.077836414780348
11.077836414780338
11.077836414780334
11.077836414780329
11.077836414780318
11.077836414780313
11.077836414780306
11.077836414780304
11.077836414780295
11.077836414780291
11.07783641478028
11.077836414780274
11.077836414780263
11.077836414780256
11.077836414780254
11.077836414780249
11.077836414780242
11.077836414780231
11.077836414780226
11.077836414780219
11.077836414780212
11.077836414780204
11.077836414780199
11.077836414780194
11.077836414780185
11.07783641478018
11.077836414780172
11.077836414780169
11.077836414780156
11.07783641478015
11.077836414780142
11.077836414780139
11.077836414780132
11.07783641478012
11.077836414780117
11.077836414780112
11.077836414780101
11.077836414780094
11.077836414780085
11.07783641478008
11.077836414780077
11.07783641478007
11.077836414780062
11.077836414780053
11.077836414780046
11.077836414780037
11.077836414780029
11.077836414780021
11.077836414780014
11.077836414780009
11.07783641478
11.077836414779995
11.077836414779988
11.07783641477998
11.077836414779973
11.077836414779972
11.077836414779963
11.077836414779956
11.077836414779949
11.077836414779945
11.077836414779938
11.07783641477993
11.077836414779927
11.07783641477992
11.077836414779911
11.077836414779906
11.077836414779897
11.077836414779886
11.07783641477988
11.077836414779876
11.077836414779869
11.077836414779865
11.077836414779854
11.077836414779851
11.077836414779842
11.07783641477984
11.077836414779833
11.077836414779826
11.077836414779824
11.077836414779815
11.07783641477981
11.077836414779803
11.077836414779798
11.07783641477979
11.077836414779789
11.07783641477978
11.077836414779775
11.077836414779771
11.077836414779766
11.077836414779762
11.077836414779755
11.07783641477975
11.077836414779743
11.077836414779737
11.077836414779735
11.077836414779727
11.077836414779725
11.07783641477972
11.077836414779714
11.077836414779709
11.077836414779703
11.077836414779698
11.077836414779696
11.077836414779693
11.077836414779691
11.07783641477969
11.077836414779684
11.077836414779682
11.07783641477968
11.077836414779675
11.07783641477967
11.077836414779666
11.077836414779666
11.077836414779666
11.07783641477966
11.07783641477966
11.077836414779654
11.07783641477965
11.07783641477965
11.07783641477965
11.07783641477965
11.077836414779647
11.077836414779648
11.077836414779647
11.077836414779647
11.077836414779647
11.077836414779643
11.077836414779643
11.077836414779641
11.077836414779636
11.077836414779634
11.077836414779632
11.07783641477963
11.077836414779629
11.077836414779625
11.077836414779624
11.077836414779618
11.07783641477962
11.07783641477962
11.077836414779615
11.077836414779615
11.077836414779613
11.077836414779608
11.077836414779604
11.0778364147796
11.0778364147796
11.077836414779597
11.077836414779595
11.077836414779595
11.077836414779593
11.07783641477959
11.077836414779586
11.07783641477958
11.077836414779574
11.077836414779572
11.077836414779568
11.077836414779568
11.077836414779565
11.07783641477956
11.077836414779554
11.077836414779552
11.07783641477955
11.077836414779544
11.077836414779537
11.077836414779533
11.07783641477953
11.07783641477953
11.077836414779526
11.07783641477952
11.077836414779515
11.07783641477951
11.077836414779508
11.077836414779505
11.077836414779501
11.077836414779497
11.077836414779494
11.077836414779481
11.077836414779481
11.077836414779476
11.07783641477947
11.077836414779462
11.077836414779455
11.077836414779451
11.077836414779446
11.077836414779446
11.077836414779435
11.07783641477943
11.077836414779426
11.077836414779423
11.077836414779412
11.077836414779409
11.077836414779403
11.077836414779398
11.07783641477939
11.077836414779386
11.07783641477938
11.07783641477937
11.077836414779364
11.077836414779359
11.077836414779355
11.077836414779346
11.077836414779341
11.077836414779336
11.077836414779327
11.077836414779323
11.077836414779316
11.077836414779307
11.0778364147793
11.077836414779291
11.07783641477929
11.07783641477928
11.077836414779277
11.077836414779263
11.077836414779258
11.077836414779249
11.077836414779247
11.077836414779238
11.077836414779235
11.077836414779226
11.077836414779222
11.07783641477921
11.077836414779203
11.077836414779199
11.07783641477919
11.077836414779187
11.077836414779183
11.077836414779172
11.077836414779158
11.07783641477916
11.077836414779153
11.07783641477915
11.077836414779142
11.077836414779133
11.077836414779124
11.077836414779117
11.077836414779112
11.077836414779105
11.0778364147791
11.077836414779092
11.077836414779082
11.07783641477908
11.077836414779071
11.077836414779066
11.077836414779059
11.077836414779053
11.077836414779048
11.077836414779036
11.077836414779034
11.077836414779025
11.077836414779016
11.077836414779014
11.077836414779002
11.077836414778998
11.077836414778993
11.077836414778988
11.077836414778973
11.077836414778972
11.077836414778966
11.077836414778954
11.077836414778947
11.077836414778943
11.07783641477894
11.077836414778934
11.077836414778924
11.07783641477892
11.07783641477891
11.0778364147789
11.077836414778897
11.077836414778886
11.077836414778881
11.077836414778876
11.077836414778863
11.077836414778865
11.077836414778849
11.077836414778846
11.077836414778842
11.077836414778833
11.077836414778826
11.077836414778824
11.077836414778814
11.077836414778805
11.077836414778794
11.077836414778794
11.077836414778782
11.077836414778774
11.077836414778771
11.07783641477877
11.077836414778755
11.077836414778746
11.07783641477874
11.077836414778742
11.077836414778732
11.077836414778725
11.077836414778716
11.07783641477871
11.077836414778709
11.0778364147787
11.077836414778691
11.077836414778684
11.077836414778682
11.077836414778677
11.077836414778673
11.077836414778666
11.077836414778663
11.077836414778654
11.077836414778652
11.07783641477864
11.077836414778636
11.077836414778636
11.077836414778623
11.077836414778618
11.077836414778607
11.077836414778607
11.0778364147786
11.077836414778588
11.077836414778586
11.077836414778584
11.077836414778579
11.07783641477857
11.077836414778565
11.077836414778563
11.077836414778556
11.077836414778552
11.077836414778547
11.077836414778545
11.077836414778533
11.07783641477853
11.077836414778522
11.077836414778526
11.077836414778517
11.077836414778513
11.077836414778501
11.077836414778497
11.077836414778494
11.077836414778488
11.077836414778478
11.077836414778469
11.07783641477847
11.077836414778469
11.077836414778458
11.077836414778456
11.077836414778448
11.077836414778453
11.077836414778446
11.077836414778439
11.07783641477844
11.077836414778433
11.077836414778426
11.07783641477842
11.077836414778425
11.077836414778417
11.077836414778412
11.07783641477841
11.077836414778412
11.077836414778407
11.077836414778398
11.077836414778401
11.0778364147784
11.07783641477839
11.077836414778385
11.077836414778384
11.077836414778373
11.077836414778377
11.077836414778375
11.077836414778366
11.077836414778362
11.077836414778364
11.077836414778364
11.077836414778357
11.07783641477835
11.077836414778348
11.077836414778343
11.077836414778336
11.077836414778332
11.077836414778343
11.077836414778334
11.077836414778327
11.077836414778318
11.077836414778318
11.077836414778313
11.077836414778304
11.077836414778304
11.077836414778297
11.077836414778298
11.077836414778293
11.077836414778288
11.077836414778288
11.077836414778277
11.077836414778277
11.077836414778266
11.077836414778268
11.077836414778263
11.077836414778256
11.07783641477826
11.077836414778247
11.077836414778249
11.077836414778249
11.077836414778243
11.077836414778234
11.077836414778227
11.077836414778234
11.077836414778233
11.07783641477823
11.077836414778222
11.07783641477821
11.077836414778215
11.077836414778208
11.077836414778199
11.077836414778197
11.077836414778188
11.077836414778195
11.07783641477819
11.077836414778176
11.07783641477817
11.07783641477817
11.077836414778165
11.07783641477816
11.077836414778163
11.077836414778153
11.077836414778146
11.077836414778155
11.077836414778146
11.07783641477814
11.07783641477814
11.077836414778133
11.077836414778128
11.077836414778128
11.077836414778117
11.077836414778123
11.077836414778114
11.077836414778115
11.077836414778105
11.077836414778103
11.077836414778092
11.077836414778094
11.077836414778087
11.077836414778078
11.07783641477808
11.077836414778076
11.077836414778078
11.07783641477807
11.077836414778067
11.07783641477806
11.07783641477806
11.077836414778053
11.077836414778048
11.077836414778051
11.077836414778044
11.07783641477804
11.077836414778039
11.077836414778027
11.077836414778021
11.07783641477803
11.07783641477802
11.077836414778016
11.077836414778005
11.07783641477801
11.077836414778004
11.077836414778002
11.077836414777995
11.077836414777995
11.077836414777986
11.077836414777993
11.077836414777979
11.077836414777979
11.077836414777973
11.077836414777966
11.077836414777975
11.077836414777959
11.07783641477796
11.077836414777956
11.077836414777952
11.077836414777947
11.077836414777943
11.077836414777932
11.077836414777934
11.077836414777925
11.077836414777918
11.07783641477792
11.07783641477791
11.07783641477791
11.077836414777904
11.077836414777886
11.077836414777897
11.077836414777888
11.077836414777884
11.077836414777883
11.077836414777876
11.077836414777869
11.07783641477786
11.077836414777854
11.07783641477785
11.077836414777847
11.077836414777844
11.077836414777833
11.077836414777833
11.077836414777822
11.077836414777817
11.077836414777803
11.077836414777808
11.077836414777805
11.077836414777794
11.077836414777796
11.077836414777792
11.07783641477778
11.077836414777767
11.07783641477777
11.07783641477777
11.077836414777755
11.077836414777748
11.07783641477774
11.07783641477774
11.077836414777728
11.077836414777725
11.077836414777725
11.077836414777712
11.077836414777709
11.077836414777705
11.077836414777694
11.077836414777696
11.077836414777694
11.077836414777682
11.077836414777675
11.07783641477767
11.07783641477766
11.07783641477766
11.077836414777648
11.07783641477764
11.077836414777634
11.077836414777638
11.07783641477763
11.077836414777623
11.077836414777618
11.077836414777616
11.077836414777611
11.077836414777607
11.077836414777597
11.077836414777591
11.077836414777583
11.077836414777586
11.07783641477757
11.077836414777567
11.077836414777561
11.077836414777554
11.077836414777552
11.077836414777543
11.077836414777536
11.077836414777527
11.077836414777524
11.077836414777517
11.07783641477752
11.077836414777513
11.077836414777497
11.077836414777494
11.077836414777492
11.077836414777485
11.077836414777474
11.077836414777469
11.077836414777465
11.077836414777456
11.077836414777455
11.077836414777444
11.077836414777435
11.077836414777423
11.077836414777426
11.077836414777412
11.077836414777416
11.077836414777412
11.077836414777405
11.07783641477739
11.07783641477738
11.077836414777376
11.07783641477737
11.077836414777371
11.077836414777366
11.077836414777352
11.077836414777348
11.077836414777337
11.077836414777328
11.077836414777334
11.077836414777328
11.07783641477731
11.077836414777304
11.077836414777304
11.077836414777297
11.077836414777298
11.077836414777282
11.077836414777286
11.077836414777268
11.07783641477727
11.077836414777252
11.07783641477725
11.07783641477724
11.077836414777238
11.077836414777215
11.077836414777225
11.077836414777217
11.077836414777204
11.077836414777199
11.077836414777202
11.077836414777192
11.07783641477718
11.07783641477717
11.07783641477716
11.077836414777156
11.077836414777156
11.07783641477714
11.077836414777131
11.077836414777128
11.07783641477712
11.077836414777114
11.077836414777115
11.077836414777106
11.077836414777094
11.077836414777083
11.077836414777082
11.077836414777071
11.077836414777074
11.077836414777051
11.077836414777053
11.077836414777044
11.077836414777044
11.077836414777035
11.077836414777028
11.077836414777023
11.077836414777007
11.077836414777003
11.077836414776995
11.07783641477699
11.077836414776987
11.077836414776979
11.077836414776982
11.077836414776964
11.077836414776959
11.077836414776952
11.077836414776941
11.077836414776938
11.077836414776927
11.077836414776923
11.077836414776918
11.077836414776915
11.077836414776906
11.077836414776899
11.07783641477688
11.077836414776883
11.077836414776868
11.077836414776863
11.077836414776861
11.077836414776852
11.077836414776844
11.07783641477684
11.077836414776833
11.07783641477683
11.077836414776828
11.07783641477681
11.07783641477681
11.077836414776797
11.0778364147768
11.077836414776781
11.077836414776778
11.077836414776765
11.07783641477676
11.077836414776753
11.077836414776746
11.077836414776748
11.077836414776735
11.077836414776728
11.077836414776728
11.077836414776721
11.077836414776709
11.077836414776709
11.077836414776698
11.077836414776685
11.077836414776677
11.07783641477667
11.077836414776655
11.077836414776653
11.077836414776657
11.077836414776643
11.077836414776637
11.077836414776636
11.077836414776636
11.077836414776622
11.077836414776613
11.077836414776606
11.077836414776597
11.077836414776598
11.077836414776588
11.077836414776586
11.077836414776568
11.077836414776558
11.077836414776561
11.07783641477655
11.07783641477655
11.077836414776534
11.07783641477653
11.077836414776518
11.07783641477651
11.0778364147765
11.077836414776497
11.07783641477649
11.077836414776488
11.077836414776485
11.077836414776474
11.077836414776465
11.077836414776462
11.077836414776458
11.077836414776458
11.077836414776442
11.077836414776435
11.077836414776435
11.07783641477643
11.077836414776417
11.077836414776415
11.077836414776398
11.077836414776396
11.077836414776389
11.077836414776389
11.077836414776383
11.077836414776375
11.077836414776364
11.07783641477636
11.077836414776346
11.077836414776346
11.077836414776343
11.077836414776336
11.077836414776323
11.077836414776314
11.07783641477631
11.077836414776314
11.0778364147763
11.077836414776295
11.077836414776282
11.077836414776275
11.077836414776268
11.077836414776266
11.07783641477626
11.077836414776257
11.077836414776257
11.077836414776248
11.077836414776236
11.077836414776229
11.077836414776218
11.077836414776222
11.077836414776222
11.07783641477621
11.077836414776206
11.077836414776197
