0.00494764
-0.00279854
-0.0245144
-0.00647626
0.00456273
0.0176934
-0.00626358
0.0174578
0.0124412
0.00818306
0.0164809
-0.00882654
-0.00911958
0.012918
0.0191299
0.00400522
0.000120695
0.00405701
0.00311453
0.0224398
-0.00114366
-0.00170091
-0.00670026
0.00198826
0.0109011
0.00457411
-0.000729661
-0.0123549
0.0168257
0.0183714
0.00869441
-0.0120848
0.00788975
-0.00967709
0.0179346
-0.0135961
0.00181591
-0.0192966
-0.00635557
-0.00372938
-0.00208601
0.00357436
0.00156877
0.00413749
-0.00454528
-0.0093207
0.00729229
-0.0121882
0.0201872
-0.000143578
-0.00407414
