0.599907
0.126427
0.0322891
0.0129524
0.0234683
0.00798756
0.00174694
-0.0067693
-0.0111537
-0.00788406
0.0139984
0.00257447
0.0133434
-0.0101022
-0.00951037
-0.00828642
-0.00212033
-0.00289615
0.00321234
-0.00758534
-0.0078668
0.0154752
0.00116654
0.0119469
0.015182
0.0156935
-0.0032466
0.0186128
0.00256872
-0.000873632
-0.00625207
0.0122285
0.01636
0.00755657
-0.00036215
0.0226813
-0.000574575
0.0248765
-0.0011723
0.00489023
-0.0247213
-0.0126135
-0.00992973
-0.010901
-0.00666581
0.00429251
0.011125
-0.00990704
-0.00264339
0.0085335
-0.0104297
