0.00494764
0.00622912
-0.0402137
-0.058269
-0.0510055
-0.0590102
-0.0999651
-0.167451
-0.227502
-0.310745
-0.366152
-0.403349
-0.421685
-0.438316
-0.441522
-0.463089
-0.473317
-0.491499
-0.499297
-0.484948
-0.486258
-0.482908
-0.471668
-0.468594
-0.464772
-0.464054
-0.48427
-0.497286
-0.485965
-0.48912
-0.500061
-0.502038
-0.494211
-0.495401
-0.48577
-0.491539
-0.503066
-0.493654
-0.479518
-0.482322
-0.490792
-0.501774
-0.497694
-0.491763
-0.49736
-0.496286
-0.488149
-0.474702
-0.483511
-0.480586
-0.460181
