0.00494764
0.00335016
-0.0316572
-0.0223767
0.0190266
0.0323583
0.0129697
0.0335133
0.0410987
0.0221009
0.0302551
0.0191759
-0.00408577
-0.00186188
0.0153717
0.029508
0.0346282
0.0553096
0.0298125
0.0229397
0.00628646
0.00154007
-0.0304389
-0.0347832
-0.00216061
0.0111769
-0.00063198
-0.00162042
0.026612
0.0509251
0.049431
0.0198942
0.0333695
0.0532006
0.0522869
0.0539305
0.0425583
0.0409263
0.039208
0.0201586
0.0212043
-0.00987808
0.0317549
0.0318755
0.0128664
0.0287322
0.0103551
0.002402
0.0192793
0.0039248
0.013148
