0.599907
0.377437
0.262245
0.211872
0.167325
0.0953681
0.0599987
0.0293241
-0.0118491
-0.00151117
0.000304614
0.0152567
-0.00756232
0.00608554
0.00537295
0.0257901
0.0302321
0.0245891
-0.00273531
-0.0119929
-0.00951606
-0.0126307
-0.0267094
-0.0115734
0.0223478
0.0301228
0.0126654
0.0188369
0.0119872
0.00879215
-0.0118778
-0.0231295
-0.0278647
0.00895861
0.00553372
0.0136823
-0.00217211
-0.00198251
0.0227733
0.0135157
0.00629803
0.00225266
-0.0175956
0.0233249
0.0107804
0.0225489
0.0365359
0.0153373
-0.0105274
-0.0112287
-0.0227845
