0.00494764
-0.00132745
-0.0260832
-0.016251
0.00856802
0.0254798
-0.0037639
0.0171417
0.0221584
0.0186301
0.0257901
-0.0033042
-0.010131
0.0169808
0.0120503
0.014389
0.00588436
0.0189403
-0.00152287
0.0209456
0.00650484
0.00940125
-0.0106366
-0.00221814
0.0218309
0.0114297
-0.00217205
-0.00572352
0.000528808
0.0193368
0.0133145
-0.0187392
0.000166527
-0.00312035
0.0103435
0.000712596
0.00268935
-0.00126998
-0.00622337
-0.0152166
-0.00624645
-0.0127571
0.00895299
0.0159867
0.00982656
-0.00696473
0.0152512
-0.00405694
0.0150614
-0.0241983
-0.0144236
