0.599907
0.243425
0.115486
0.0498906
0.0191067
0.0246638
0.0210665
0.00480981
-0.00214328
-0.0300998
-0.0223249
-0.00396495
-0.00287883
-0.0115675
0.00368348
0.0147224
-0.00190778
-0.0106999
-0.0102918
0.00300541
-0.00603945
0.0219227
0.0228881
0.0166129
0.0333178
0.0175094
0.000270288
-0.00401686
0.00308014
0.00633831
-0.000160708
0.016682
0.0157164
0.00316056
-0.00803359
0.017452
0.0127859
6.89778e-05
-0.0175784
-0.00474077
-0.011625
-0.0028158
-0.00439019
0.00442484
-0.00710256
-0.0141019
-0.00022426
-0.00104604
0.0107688
0.00729792
-0.0337603
