0.599907
0.165135
0.0495744
0.0185207
0.00544166
0.0132973
-0.0026836
-0.0132054
-0.0169634
-0.0202907
-0.00639578
0.0158718
0.0208023
-0.0168773
-0.00493044
-1.05824e-14
-0.00266627
0.00646482
0.00578681
0.000988377
-0.00811388
0.00936097
0.00306863
0.0126365
0.014251
0.0194172
-0.0124697
0.0165095
0.00391912
0.00478667
-0.00576936
0.00955065
0.00562565
-0.0044593
0.00231
0.00584991
0.00663723
0.0253477
0.00121826
0.0080623
-0.0165613
-0.00888408
-0.0226237
0.0032124
-0.00676349
0.00552803
-0.00407433
-0.00580401
-0.0111998
-0.00189058
-0.0206871
