0.00494764
-0.00201127
-0.0244569
-0.00909664
0.00640735
0.0214918
-0.00653367
0.0167165
0.0166476
0.0102805
0.0191127
-0.00140787
-0.00923453
0.0129238
0.0252671
0.00532692
0.00363176
0.00512011
-0.00314336
0.0222846
0.00105147
0.00445355
-0.007114
0.00687274
0.0217906
0.01405
0.00601094
-0.00529828
0.0112287
0.0172163
0.0114412
-0.0181301
0.00225822
0.000971116
0.0117514
-0.0169578
0.00450526
-0.00987239
-0.0045052
-0.00403968
-0.00029886
-0.00612569
0.00745889
0.0107689
-0.0090965
-0.00950462
0.0062522
-0.0118722
0.00851618
-0.0094701
-0.0197218
