1

-1
-0.0560748

-1
0.0749519
0.0451602

0.0447101
-0.033843
1
-0.152146

-1
-0.00652348
-0.0463659
-0.0333156
-0.00425383

0.00320649
0.00281379
-0.037037
0.0216346
-1
-0.0748019

-0.0513168
0.0377765
-1
-0.0317962
-0.00060006
-0.0341077
-0.111571

0.00415042
-1
-0.00330132
0.0254018
-0.0494704
-0.0420692
-0.00330132
0.0138531

0.0147059
-0.0288352
0.525923
0.015625
-0.540419
-0.0743141
0.0241871
-0.490075
-0.0191057

0.0242718
0.0198755
-0.056391
0.0909865
0.0137845
-0.043463
0.040126
-1
-0.0941506
0.0447545

0.0949024
1
-0.0565389
0.151378
0.0145091
0.087331
0.0447101
-0.0445278
-0.0387901
-0.0035198
-0.0649016

0.115572
0.0372361
0.111949
-0.0738334
-0.040204
0.0737127
-0.0308494
0.04
-0.00960384
1
-0.0130438
-0.019802

0.0180288
-0.0103753
1
0.0735387
0.0526895
-0.0198473
-0.0488722
-0.0288815
-0.0807908
0.0534833
0.126882
-0.00125313
-0.0488722

0.0217168
0.0240385
0.0321297
0.0396339
-0.015
-0.039173
-0.0396339
-0.0228772
-1
0.0998775
0.0347535
-0.0186815
0.0103773
-0.0157642

0.0357438
0.0186916
-0.00902256
-0.0942909
0.0406366
0.0204082
-0.0596238
-0.0155097
0.104903
0.0660337
-1
0.03
0.0163692
-0.00653677
0.0747168

0.0062014
0.0322395
0.0254006
0.0308031
-0.0160401
1
0.0274221
0.0276249
0.0424382
-0.0216086
0.154604
0.0392039
-0.0562126
-0.0230144
-0.0570356
-0.0108011

-0.244774
-0.205582
0.319592
0.0182275
-0.134215
0.0260417
-0.389664
-0.374849
-0.359713
0.174103
-0.0898772
-0.00913619
-0.149879
0.140407
-0.000625391
-0.169663
-0.389885

-0.380992
-0.0151515
0.0697907
-0.0751575
-0.00396945
0.171343
0.0894456
0.0404003
0.589908
0.14468
-0.349178
0.134863
0.149929
0.289806
0.0497862
0.345
0.0548555
-0.130254

-0.0505385
0.00480769
-0.0500263
0.000175215
1
0.0298152
0.0549191
0.035628
-7.50169e-05
0.0046729
0.0499062
0.0299317
-0.0499062
0.015
-0.0147531
0.0548872
-0.0198151
0.0101875
-0.0250525

0.0943089
-0.0471492
-0.0782836
0.021234
-1
0.0245555
0.0894358
0.00636288
-0.039704
0.0389653
0.060306
0.0437386
-0.000900811
0.0965455
-0.0254557
-0.06
0.0112179
-0.104853
-0.00940376
0.0817043

0.145358
0.0154639
-0.0395234
-0.0102273
-1
0.099597
0.0911006
-0.0507778
0.0500763
-0.030394
0.050587
-0.0802431
0.0759398
-0.0291482
0.0500763
-0.0757212
-0.0145631
0.0404003
0.134863
0.0147059
0.0999275

0.0456731
-0.214871
-0.0604128
-0.165366
0.264824
-0.405939
0.0904315
-0.384888
-0.274797
-0.238889
-0.120078
0.0147059
-0.165865
-0.184716
-0.241997
0.0592754
-0.0354819
0.00515052
0.0846262
-0.0447179
0.00992525
-0.455128

-0.00545055
-0.0376389
0.0745575
0.0726949
-0.0280318
0.0263737
0.0136623
0.0380521
-0.0123444
-0.00385284
0.124562
-0.100698
-0.0576995
-0.0168269
-0.0666566
0.000675152
-0.0737901
0.0184476
-1
-0.144564
-0.0308081
-0.0263737
-0.00888055

0.184768
-0.237354
-0.343074
-0.0996474
-0.0764411
0.0552555
-0.128806
0.159661
0.404958
-0.357788
-0.056391
0.139462
0.191513
0.0998775
0.29528
-0.155562
0.212016
0.215
-0.000625391
0.285
-0.125
-0.0598765
-0.0852585
-0.120402

-0.0443609
-0.0743141
-0.11604
0.0253101
-0.0454909
0.0296435
-0.0199255
-0.00485049
-0.140697
-0.000375235
0.0296435
-0.0693849
0.339851
0.070419
-0.485887
0.0493242
0.155849
0.332379
0.414866
0.111161
0.151283
0.0900773
-0.259833
-0.374887
0.0617209

-0.029803
0.244906
0.679868
-0.110211
0.10021
-0.0106095
0.149535
0.0604242
-0.109375
0.00674876
0.129265
0.23117
-0.175104
-0.0845528
0.135585
-0.310231
-0.0449011
-0.0462399
-0.170217
0.201504
-0.114246
0.029803
0.230808
0.22464
-0.0487118
-0.0449011

-0.067662
0.298129
-0.0644877
-0.0879699
-0.187906
-0.261538
-0.0686679
-0.170863
0.12807
-0.0563968
-0.0661265
0.0219519
0.0533981
-0.00335302
0.178195
-0.132744
-0.139728
-0.339251
0.00359017
0.00555056
0.310371
0.095364
-0.19028
0.023675
0.0519887
-0.354042
0.515

-0.40526
-0.218411
0.178289
-0.0547514
0.285814
0.0152504
-0.303167
-0.0810324
0.179518
-0.23
-0.06
-0.0728976
-0.194453
-0.191478
-0.147221
-0.0415374
0.0877193
0.0632276
0.118503
0.0505051
0.0447511
0.152244
-0.326454
0.06
0.0531915
-0.48923
-0.0624389
-0.133413

-0.22419
0.0245525
0.206536
0.153133
-0.250731
-0.177083
-0.285479
-0.108558
-0.142101
0.125407
-0.178987
0.183494
0.0175782
0.0993474
0.19978
-0.0906954
0.00888055
0.294218
-0.345317
0.354585
-0.0697767
-0.19547
0.0171474
0.0236713
0.194178
0.204525
0.0664098
-0.269782
0.203526

0.0261792
0.285362
-0.0963916
-0.20048
0.252108
0.339744
-0.106115
0.155335
0.445779
-0.078987
0.274731
-0.0611529
-0.0289041
0.19982
0.0289041
0.0793269
0.13
-0.141026
0.0551014
-0.18709
-0.219822
-0.0525253
-0.0296118
-0.0394355
0.13
-0.139301
-0.154352
0.475797
-0.161058
0.141353

-0.00505013
-0.53074
-0.155054
-0.030103
0.219922
-0.0848691
0.185292
0.210284
0.304941
0.106098
0.0663292
0.0555625
-0.0545569
0.0249506
0.00925926
0.0345545
-0.31223
0.385237
0.20012
-0.185577
0.139826
0.109903
0.0102041
0.0698279
-0.187492
-0.0194701
0.0604968
-0.0797276
0.24
0.0446404
-0.119792

0.114797
0.215198
0.285127
0.240124
-0.322222
0.160902
0.0456882
0.144827
-0.1
-0.239896
0.0548623
-0.035272
0.0747013
0.014668
-0.019395
0.120593
0.224926
-0.00909091
0.0302121
-0.0797718
-0.315737
0.205602
0.225626
-0.05
-0.137975
-0.0949524
0.145745
0.194955
-0.370348
-0.0897746
-0.211111
0.060106

-0.139856
0.29993
0.160902
-0.0949524
-0.0997494
-0.08
-0.235161
-0.120248
-0.20303
0.131643
0.12
-0.310518
-0.029903
-0.0956437
-0.115053
0.131072
0.06
0.00020008
-0.229968
-0.0444603
0.154954
-0.144841
-0.240516
0.230429
-0.064681
-0.508611
-0.149915
0.0359522
0.0204327
-0.0547842
-0.104998
0.0555625
-0.32

-0.0701268
0.0162907
-0.0972264
-0.1104
-0.226817
-0.135872
-0.310819
0.156642
-0.164367
0.0987924
-0.0558002
-0.105
-0.000125003
0.065
-0.0645258
0.0747575
0.0287119
-0.192438
-0.0545218
0.149468
-0.191513
-0.0594121
0.164079
-0.0745298
0.164398
-0.140407
0.136993
-0.0998775
-0.0219987
0.0736107
0.738734
-0.0806754
0.0787075
0.114183

0.0646629
-0.360401
0.129868
-0.342378
-0.0648646
-0.014253
0.234903
-0.204901
0.0196314
-0.00505013
-0.0448601
-0.10024
0.105174
0.179888
0.0746759
0.0696457
0.00556684
0.120112
-0.126766
0.264298
0.0747013
-0.296291
0.180118
0.230676
0.0554179
0.146574
-0.0596955
-0.175806
-0.0449511
0.15026
-0.0406015
0.275212
0.204955
-0.104778
-0.380643

0.0592949
-0.123232
0.0892231
0.205105
-0.443574
0.00864235
-0.0904362
0.0396158
-0.244653
-0.0551014
0.134465
-0.0104042
0.0112405
0.0143175
-0.13473
0.0261792
-0.0349009
0.340536
-0.194494
-0.136176
0.0390977
-0.314852
-0.0157193
-0.367211
0.0945591
-0.345716
0.089809
0.164488
-0.137695
0.211529
-0.284676
-0.125854
-0.00550344
0.0511278
-0.0586753
-0.173203

-0.266259
-0.28161
0.115114
-0.170384
0.230974
-0.175481
0.140107
-0.0154256
0.060581
-0.215789
0.0950595
-0.0854637
0.0448622
0.0299757
-0.0248724
-0.185317
-0.085
-0.0253133
-0.15529
-0.0458212
0.189968
0.40149
-0.135154
-0.0499362
-0.00526316
0.115
0.14092
-0.165166
-0.241004
0.180238
0.259334
0.280574
-0.171048
0.11031
-0.0449545
0.347625
-0.0600265

0.0850585
-0.0448622
0.124962
0.351338
-0.160371
0.080027
0.0849359
-0.0348814
0.235362
-0.0301438
-0.220943
0.0999474
-0.109944
-0.0101313
-0.165461
-0.0348254
-0.0762626
0.30132
-0.0452724
0.0449545
0.145065
0.189994
0.171339
0.255
0.0704762
-0.120028
0.0554998
-0.0704882
-0.154962
0.260494
0.130335
-0.450176
-0.0649038
-0.0699407
-0.110028
-0.25508
0.255002
0.0910831

0.030394
-0.090636
0.13609
-0.179695
-0.00576441
0.0702408
-0.134754
0.105
0.0702408
0.0751575
0.255018
-0.124548
0.0441664
-0.275012
0.2798
-0.445
-0.080077
-0.116621
0.005
-0.0657051
0.000225051
0.365187
0.0897952
-0.225173
0.0295112
-0.0744361
-0.0300758
0.161001
0.0245721
0.0747299
-0.169683
0.164698
0.217114
0.124862
-0.269806
0.129857
0.335434
-0.115346
0.242489

0.0377595
0.00320649
0.0536657
0.093257
-0.0578444
-0.166604
0.0120301
0.0273339
0.15
0.0172522
0.234453
-0.0623507
-0.10084
0.00841346
0.0188169
-0.425696
0.55793
-0.0448011
0.107728
0.145633
0.220422
0.32
0.246702
0.185642
0.0556125
-0.128916
0.144122
0.0108043
0.119612
0.151336
-0.14658
-0.0192077
-0.0623507
0.00440099
-0.179698
-0.0308123
-0.149361
0.123752
0.193095
-0.0581454

0.171429
0.19587
-0.0284303
-0.329877
0.174428
-0.114159
-0.0696279
-0.134267
0.23117
0.109098
-0.219551
-0.0557683
0.0406366
-0.169424
0.0749019
0.299679
0.0224719
0.076054
-0.119229
-0.189614
0.0141286
0.0949024
-0.226786
-0.119648
-0.199678
-0.187555
0.0909455
0.144337
0.274672
0.0855535
-0.15
0.0989979
-0.259615
-0.0755472
0.155104
-0.180472
0.419842
-0.193366
0.0693109
0.00490012
0.0494445

0.090009
0.15547
-0.140506
0.275337
0.0950024
0.0553111
-0.315008
0.260234
0.040197
-0.105764
0.280028
0.235147
0.0301477
0.295184
-0.0509996
0.010004
0.185375
-0.0550124
0.181159
-0.285007
0.105024
-0.0550014
-0.190686
-0.0150034
0.050045
-0.295007
0.105446
-0.0854808
0.070007
0.0100251
0.10016
-0.0554003
-0.185227
-0.0300481
0.110276
0.280112
0.175039
0.060024
-0.231133
0.0350079
-0.050005
0.195005

-0.179718
0.268762
0.130313
0.038338
0.0637792
-0.0157598
-0.219488
0.180318
0.0706283
0.0684464
0.0838197
0.0940652
-0.123724
-0.239183
-0.454507
0.03125
0.189719
-0.331198
0.0167005
-0.00334042
0.0167005
0.140314
0.0909819
-0.17351
-0.0319149
-0.0921317
0.314412
-0.0406162
0.221378
-0.105816
0.0242652
0.0791713
-0.139714
0.11353
-0.163742
-0.280712
-0.0745668
-0.0315789
0.0813301
-0.206769
-0.0267309
0.247998
-0.158897

-0.295362
-0.0300752
-0.060054
0.110044
-0.236329
-0.0151092
-0.00500113
-0.0350009
0.242424
0.020245
-0.115072
0.44
0.0902256
-0.0752276
0.010016
-0.135764
-0.255517
0.0250056
-0.0650146
0.240602
0.185005
-0.305069
-0.0650146
-0.210189
-0.0250307
0.165037
-0.035071
0.0703447
0.140014
-0.195592
-0.135003
0.0606061
-0.0602168
-0.0950024
0.346047
0.0350079
-0.105319
-0.115003
-0.060054
-0.0852579
-0.0602954
-0.120012
0.0800721
-0.130326

0.0660337
0.265107
0.211529
0.0112405
-0.000801282
-0.00020002
-0.0687569
0.315108
0.291729
0.0192308
0.0688406
-0.154413
0.224579
0.221999
-0.0161489
0.252108
0.09375
0.140214
-0.144904
-0.144343
0.090209
0.15046
0.129407
-0.116793
-0.0845528
0.235106
0.0949024
-0.0918501
0.0504202
-0.144904
-0.111949
0.00550344
-0.445247
-0.145333
0.0749019
-0.185105
0.154367
-0.070207
-0.179562
-0.0243298
0.194494
-0.119648
0.0308494
0.154367
-0.0251006

-0.121743
0.115854
0.101683
0.109443
0.199246
0.221574
-0.125263
0.186298
-0.0694184
-0.0301258
0.0606629
0.160725
0.0976248
-0.129137
-0.0696407
0.159047
0.0994371
-0.404958
0.0780952
-0.0652565
-0.093985
0.195926
0.124362
-0.0986801
-0.080127
-0.128289
0.0457912
-0.025
0.374587
-0.0589945
-0.210757
-0.21988
0.239525
0.174279
-0.18013
0.164766
0.114183
-0.080127
-0.119652
0.20042
0.153986
-0.0347535
0.119116
-0.0352535
0.225953
0.0780952

-0.17
-0.240516
-0.109774
-0.300571
-0.154847
0.04
-0.00475297
0.140097
0.134815
-0.0598239
-0.0361109
0.00455923
0.0598239
-0.101196
0.0105263
0.0710481
-0.0454056
-0.0398159
0.179888
0.425171
0.130252
0.202116
0.393317
0.109795
-0.0449511
0.21
0.00961538
0.0144938
0.315684
0.044778
0.0249506
-0.145054
0.089909
-0.105174
0.099839
0.13518
0.12
-0.129825
-0.206174
-0.0046557
-0.35306
0.0847216
-0.134527
0.000501253
-0.030103
0.14984
-0.14984

0.109443
-0.0698767
0.00127877
-0.235274
-0.0916522
0.212523
0.0479798
0.145265
-0.080127
-0.025
0.108605
-0.0298757
0.0847585
0.170129
-0.0947595
-0.0861378
0.079035
-0.155562
0.0831252
0.164263
0.229881
0.000375084
-0.154731
0.123946
0.119878
-0.0496362
0.231594
0.0487725
-0.474677
-0.0473027
0.0955382
0.0685104
-0.000625391
-0.215
0.135
-0.154562
0.406039
0.0296317
-0.0536933
0.296474
0.233187
-0.0715916
0.24447
0.0338346
-0.0655262
0.0752575
0.219302
0.0101253

0.129604
0.0699267
-0.000375235
0.129746
-0.0089252
0.155166
-0.460329
-0.22476
-0.177335
-0.00560897
0.0097772
-0.160079
-0.139837
-0.0553221
0.139597
-0.0415754
0.0916405
-0.214787
-0.189707
0.115785
0.366186
-0.310906
-0.225173
0.0693849
-0.101131
-0.0599265
0.265689
0.100248
-0.135817
0.0456731
-0.030394
-0.0947379
0.150981
0.0441664
-0.154647
0.075518
-0.0743677
0.134754
0.0540881
0.184868
-0.201082
0.136391
0.273249
0.000375235
-0.0251525
-0.00592132
-0.205929
-0.104545
-0.0347139

0.124362
-0.127374
0.205
-0.154765
-0.0501263
0.0217168
0.285
0.125863
-0.140713
-0.0809742
0.0758182
0.160725
0.00400641
0.00301932
-0.314633
0.254407
-0.0570294
-0.143921
0.0447545
0.0175687
-0.121371
0.0160256
0.0037594
0.0103773
-0.10617
-0.068369
-0.234773
-0.189258
-0.100398
0.109878
-0.0191485
-0.0480587
-0.189668
-0.354642
0.0734702
0.0767764
-0.174279
0.105845
-0.192268
-0.0677528
-0.10133
-0.0119422
-0.0193871
0.12406
-0.249681
-0.144558
-0.169365
0.25941
-0.129456
0.0986801

