10.22680809928656, -16.37424467999172
-19.20210146017805, 11.240848169232658
22.211344097726496, 13.183566621979583

10.181116182910474, -18.42100184830348
-22.1949819309257, 14.354183553566209
19.753123648402482, 11.01954247784866

12.400076956796147, -21.198332912768862
-18.928736055525373, 13.338200675539433
18.054998844329315, 13.256108550034725

10.094811632026909, -24.195420892581335
-20.704340914216885, 15.329178086778906
18.077572630132305, 16.449971274574963

8.990865308467843, -21.650816050366096
-16.932099201287116, 18.030913589589616
21.78957313032296, 20.262447862444457

10.260232939293406, -18.347085997533092
-17.073856816200063, 17.305707437097183
18.16272255662807, 16.465287387952795

11.12743131173131, -19.49987186486705
-19.43959038037932, 16.573248638103273
14.30706081389437, 16.246686803471135

15.108619448853522, -16.847146364258116
-22.929308291123522, 16.41520118136701
16.32931616920031, 12.307751137520874

14.518084461709268, -19.333305254523005
-26.087432068838517, 19.22748507524128
19.08925595261802, 13.798884023166856

12.474644598787666, -20.080632000293626
-25.88791444013133, 18.405867491453783
15.773612362348231, 17.507274848231663

10.51376826872858, -19.810503948720353
-22.786361291881075, 15.043411138972125
16.052014499469152, 16.59097100104061

13.28252126541841, -17.143095438292193
-22.248099916167696, 11.603286194252203
13.575307173662033, 12.761870092154666

16.474173595670088, -18.604218325861662
-24.00029158876763, 13.428194770560761
15.352970926953173, 9.53422034133784

19.601573025245102, -21.23475463902919
-21.367133638565566, 13.557182018274625
13.952606097569205, 9.08822650019512

16.649147690309185, -20.839221032574486
-21.470973684874032, 14.592906577721088
14.74433204695551, 5.3939062831717

14.847291824036894, -17.78502887686681
-20.297968020301724, 16.880421664162483
16.13529675699331, 2.831641149589423

10.945737805310152, -15.304221768673646
-20.728388306920625, 18.86172629787339
13.163708125322966, 0.6038318111881082

10.97890666711417, -11.592688643418793
-22.879025780280244, 18.83056742159678
10.279723158711501, 4.141533836696219

13.308694979469063, -9.14609344752443
-19.467676059411886, 18.814168156832125
6.579863627139973, 2.6257144729085846

12.18534798200133, -8.727895036584695
-21.877658226339037, 14.910555796854538
7.398768603754318, 5.273783170051102

9.675595071172367, -5.36469715619486
-18.518247462831717, 18.751920720826764
5.948528228766368, 3.0400112068396528

7.0141745890744, -2.439159029802493
-18.11257720475131, 15.836959501337095
3.3081299840254204, 2.3633844093470993

8.984000270495303, -1.7931763464294717
-20.737522901150925, 17.722218160605273
3.920710044240521, -0.38228272034230226

12.767841198212391, 1.9079123016998834
-23.790867006072833, 16.89270876508276
7.380234320305263, -2.520901428306214

15.017880049261109, -0.07284519936556322
-22.00396875921188, 16.838379311820482
7.481458642420807, -5.996740962937877

13.14371825614261, 3.354354427797748
-20.536808928182705, 16.518134019979254
9.640312670923638, -7.3987360679629095

10.208488612663523, 0.8589311812121441
-21.0496990195769, 16.501429753631367
6.228857002601602, -8.081867427627358

10.60007404412426, -1.857504360896204
-22.84909036289946, 17.924561935921965
9.933712580854674, -6.852098809269413

10.503560240335815, -4.017627330407359
-19.695045998368677, 15.297756408206578
10.255861571254169, -8.928178132234933

14.013769468586284, -3.54035750072873
-20.279368724759916, 18.374600435922062
7.694840056223798, -8.098339012220848

10.358450248930382, -7.3369912752916235
-21.75030050120897, 21.970121586544504
6.021581473508977, -5.750410587011977

11.824760475333242, -10.76740931594209
-18.581887760785758, 20.23130099264945
6.085645166299444, -8.951606470278293

13.028135755724293, -9.970744787980934
-19.54832403398566, 20.807736939802226
8.97226456799456, -6.6773487060979955

16.01459425539094, -9.845996163670735
-18.989647987758293, 20.34377192859806
10.194181658254452, -7.623487216001213

15.532515987665345, -11.532594585045715
-17.232099211439863, 17.99731510626302
6.194885571202288, -4.3240001117154

17.891844007617188, -7.8667386994718616
-21.07865098800436, 20.548448670691624
6.943563471516857, -7.253953525453055

14.536291935127242, -7.6130273104937745
-18.46048733956504, 19.099952974582667
9.993519043052128, -8.725627046724366

11.217541859644111, -9.635061972928316
-18.18521585607429, 21.75575711656346
6.013059061275384, -7.547068160798142

10.278020360045874, -13.084291432460844
-14.416592354621606, 23.89926911153852
7.266426812842485, -6.9289081684377605

9.027020275268956, -14.67931150439981
-11.959060600577494, 22.870195300991345
8.28649235243056, -6.849974874734644

8.129030292949288, -15.368557936347926
-12.0027424873984, 22.05288131451069
4.629264497167836, -7.157356537661405

4.259898766267905, -13.140642915226628
-15.62565893752297, 20.807106759480654
3.3254981907955674, -10.166843291915342

2.2904956271253223, -11.10681385191901
-13.0390633983883, 20.471749655065135
1.5922530625018272, -7.923462089128663

5.947071009749617, -13.096389988221578
-16.980711280569174, 19.188981131805114
3.2072822684159172, -4.813211306644318

2.099533276780029, -9.624139682793023
-13.669665925863736, 21.04438991534041
4.618948616316786, -1.204913740340892

-0.32409598915831683, -6.608759937988913
-14.829363391276939, 17.437547034552438
2.163433473182253, -3.24470589300838

2.3146255045194915, -2.9929180392712835
-13.752237728999528, 18.149990981012703
0.6469037404065228, -3.299310722674335

2.034208247424586, -5.293522322916847
-15.544942189280679, 21.966810100927137
3.6139249593005314, -3.646308962387171

0.12041672380431656, -4.502292602229305
-12.324750846400613, 21.980388420889362
4.181973837140205, -3.5228543822920884

-2.8610947495972434, -1.2823264718053267
-8.727355487350252, 24.309773110162542
6.825719884879901, -0.8352653359116884

-0.32496416461523214, -4.512478564430852
-10.74282576887369, 28.119630502198763
5.442383499534615, 2.066251822765948

1.668201441345059, -6.2219075624166225
-10.510889932394388, 24.368326844462437
5.920515787119869, 2.567322930039224

2.2661597063100842, -5.563673872290409
-10.218174443622944, 25.397092536247623
2.287375235214868, 3.1829082371714197

4.677637938326671, -6.993053351439043
-13.468519156609386, 24.622646663785265
5.463188126270944, 6.779339794938179

4.6818473231612945, -3.803320397965611
-16.957817582254464, 23.208720581689544
1.7243950101741925, 4.786829361376944

3.000499739799208, -2.009612144481733
-14.34946765571237, 21.332506415222227
3.2705202928281683, 7.190482363481478

0.8980186722249028, -4.7859930961104
-13.202697668292636, 19.166978879103183
0.12025513512940478, 5.6879519117736965

4.1110945587319945, -4.713149265447085
-10.13903459258518, 15.224199541463285
1.9548806135656642, 3.2077767874161243

3.288135172088305, -1.12546041421591
-11.093314087604078, 11.81768265718478
0.14113263977652313, 0.5788255174603743

6.625894371574546, -0.9193873969797304
-8.499379556894443, 11.076191605876158
1.0704092330936694, 3.634541884711852

8.959880027833023, -2.441851549702257
-7.541813957552539, 8.851097101594203
2.8055908752182823, 6.628042869520587

5.221363978886541, 0.6492624408301211
-9.104068481593197, 6.944230263412101
0.9609406176591913, 7.223884069748731

3.517828052142848, 0.4515911916177222
-12.520596949123487, 5.675756904794388
-2.1538452395317007, 10.814618158182608

7.199906563897841, -1.311940334067919
-15.242396527553893, 2.595379973169938
-4.395278370126355, 10.982142569721958

5.893288370991839, 2.1326159631439197
-19.169411195990037, 1.637409410261518
-5.495057126411533, 8.139840993365027

3.8497459465895103, -0.4699305671071441
-21.91468793265534, 5.117118010703484
-7.922562942108873, 5.492233862588252

7.173890830565373, 2.814768016351966
-20.25446162458451, 8.687820787240538
-10.652951652979835, 6.308597480095116

5.741191185863392, 4.355133583667696
-20.49575791928523, 11.769731699253686
-7.3482316185287475, 2.84955872241029

9.08490614703188, 4.726156122200302
-23.286800588967058, 11.994553399831911
-6.239144538864999, 3.4471024322798094

11.923234796267632, 6.501357855106013
-22.994141628054507, 12.344658114829826
-2.2818632050997447, 3.8163995171560083

12.981430260569311, 7.8814021749167935
-19.271915236977875, 11.169674149548142
-5.712995030824313, 3.2564062976448422

13.434077652395978, 8.884831018165574
-19.631529458931432, 14.188653720291846
-6.860502113989495, 0.6759199678437033

14.233054803573214, 8.133779580880987
-17.74491240330193, 16.608700563838614
-8.642106312929936, -0.16497204551553857

14.995557428902664, 8.690063026445898
-19.50690798139783, 13.566930587009239
-7.8731937836300245, 0.5382596582746055

13.018681393536731, 6.674310642621606
-16.736390070383056, 15.073694160230374
-7.035138770675082, -1.9214162940871269

13.749596470603558, 5.01070329331689
-17.906522678574547, 13.308674669051804
-8.498392226573202, 1.3897859211865766

10.637899956668269, 5.612432201176822
-15.595325948635338, 17.02253181100686
-12.489086980470134, 2.270879971007088

7.508500961422879, 9.029800125011363
-15.739912583950744, 14.026461028879769
-12.547711975792122, 5.267495126786331

9.928418129644335, 12.482509494473252
-18.09737933332496, 17.73131385581038
-8.888783791464682, 2.9053633257812734

13.606223606833074, 12.858191001398147
-19.75611310848535, 21.254310314200847
-6.29724223050573, 4.845793793207054

10.910401670668605, 12.2830284175587
-20.554576997709564, 23.722527566010605
-8.424537088717567, 3.8916168405988216

13.645685946532494, 14.726375551134726
-17.218280190351685, 19.912714917491094
-9.845592143914288, 6.265886823375162

10.691514076114652, 18.70314428139466
-17.319306241276934, 16.04641370231577
-12.114740512665477, 8.610393639016

7.561599280370492, 18.516400935032078
-14.38676852003131, 17.660658640750242
-8.87984493694881, 5.337556569215605

11.105340926827864, 14.64978393376299
-12.02873363218676, 19.18390739613097
-10.439644933984601, 4.85460542679683

9.146204740686713, 16.494330575838617
-9.765734018292347, 18.92498619750247
-9.361851638828172, 3.5076543945392

12.16853564223716, 19.55360596173046
-7.774112048559248, 22.30918154084485
-8.91666609949733, 5.214691834347149

13.74262827272695, 17.410993465327795
-8.296118644197627, 24.44077063839798
-4.964891149450747, 8.546950607561634

17.5643102569389, 19.139057346967924
-6.563236841558958, 20.675841168730912
-2.367749316095985, 11.88367194383106

19.827525267313455, 22.645305059886546
-10.185708972688026, 17.49747317135954
-5.816128520408082, 9.687278369005043

20.306408724348415, 25.477573308720622
-7.144366962467324, 20.64493900658116
-8.522411035054471, 9.986270310171003

20.095530177554153, 25.927579343073912
-9.048524850687812, 20.00482995253698
-12.064491629710322, 7.159255147139338

20.280251396788245, 22.497128255868773
-12.988149379156114, 17.19661443792684
-8.66040093280689, 5.173686235177679

22.0259028537236, 22.129460205725113
-13.563048863075105, 19.864243587111726
-7.118899845631058, 6.3148418892609115

18.263762305060915, 23.171915547931874
-11.343634723712988, 22.89716053109038
-4.914117019638122, 8.72765024793927

16.443357342080713, 20.554809056040206
-11.130803028706811, 22.871248403741493
-7.979992755313909, 5.68715479836693

16.920992976131323, 17.839029439665726
-7.698086987316143, 26.237281279212816
-4.1238536595301145, 3.5052233187281807

16.760604003162992, 14.016003116377647
-11.38231036404117, 27.552395516795077
-2.442447782874283, 3.168554887518815

19.20717369911602, 10.399509661416388
-8.626628897575241, 28.197041924460603
-6.207887204625098, 1.9852573314989073

21.574451876028256, 10.780897478487224
-9.591206714620983, 31.85703626065492
-7.782735339481739, 3.7096428131289985

21.523223939089327, 9.579445918888833
-10.459129959101084, 35.124818277933265
-10.950062690818053, 4.655791120591415

25.133876126630458, 12.709232792616957
-6.914470069550773, 36.54984743535304
-14.151799284842841, 3.8081316803867056

24.1960390535116, 16.655805739146075
-10.186389635613894, 35.98579215075594
-11.940367019453547, 3.6336946539257786

22.76748891277171, 13.779588699358756
-9.820089008749491, 35.51765296803074
-14.834841353978089, 0.1642293782211608

23.998807484632493, 16.249022337373972
-9.249850399801428, 32.921278062554286
-15.851602032452359, -2.7942682950326247

26.970327711876934, 18.213015335688553
-5.7746236238422854, 34.43992311296796
-19.57359803033749, -4.538113947384321

24.550774379468336, 19.4867443217243
-8.449435474604492, 31.0168959415832
-21.95762959264946, -2.2364662855939414

27.26356192889982, 15.997476457632537
-7.1317289343962385, 27.346877047793875
-21.629743496963698, -3.2899513583332762

26.315995331031985, 12.427525953209067
-7.8121117448509665, 24.934845415804126
-17.81183827358097, -6.65034966499968

27.98036748154157, 13.187559492873417
-10.439164189728748, 24.105660588330025
-20.119896285535486, -8.571907692193847

27.689866068538418, 14.206172248556939
-12.784468285760983, 22.743830694680412
-16.708667378810873, -9.035079552150133

29.57756582775592, 15.803911207631412
-14.394015886698242, 22.501088129622197
-17.531920752689114, -6.464302159486381

30.37086582506405, 16.35722235974574
-11.654907343741318, 24.951788378629807
-19.16003403477248, -7.206450684739076

30.289116532336816, 13.09378034021195
-11.23383851844498, 26.348002709420875
-18.037720580501333, -4.857544706891046

29.786167057751356, 16.85224095724545
-14.96826346648589, 29.991538747923567
-16.660202224312705, -3.2392666334983033

30.834956335257193, 15.596227820347753
-15.300866756848539, 31.32074215208398
-14.360456975624498, 0.0681915251305174

30.05541437980434, 15.641467487627231
-16.48897936100462, 32.54388934649345
-15.66732638637749, -2.1853056326150666

29.796294293423067, 18.207480366236453
-15.882332712527557, 31.399683656842477
-13.875616163086825, -4.739118715169033

30.64669852800441, 17.580216252685275
-12.924543302601744, 31.787545666946468
-14.202450985572717, -5.1876921440850285

29.028570735620455, 14.432789315914782
-12.313163981377967, 33.806057813709984
-10.238211222083013, -7.466411216405855

25.56916721062296, 11.55277652141966
-11.476200699303249, 32.53007491141181
-7.583045083522397, -6.120594494875565

25.11119130544532, 12.196619225022094
-11.422294454146435, 32.03270394929057
-9.492128457400526, -4.588346477451972

28.18838787723101, 12.884134447776749
-8.922017511641766, 34.481078193728464
-11.802756267993745, -1.7573827906069894

28.357752706270475, 16.535466398852073
-5.4490181120272325, 31.44832021161548
-8.415959409145016, -4.321121928527549

31.953592717680035, 13.767701270961762
-3.881195437568932, 34.946143254481434
-5.788303909300223, -4.585259465836574

32.887680392382705, 11.19276786311977
-0.7341180949328789, 34.97468154571251
-9.311201416219522, -5.44771804400236

35.38268056618257, 14.522205267421821
3.1450329775507377, 33.53877823356387
-11.35418625275415, -8.752011573110266

38.74096271544032, 10.68283673294724
3.1156299174439948, 31.736980789402015
-7.918191213456806, -9.334869240920533

41.891350201753795, 10.951602403886724
1.4415150329020738, 30.878958457318724
-8.32947943618457, -7.96994640299603

38.26215314078568, 12.139581176019618
4.643134725487653, 27.966808937237467
-8.754507826883128, -5.044163883210138

34.83936966231642, 12.255394282703154
2.2244293934333053, 25.93388966145858
-12.601685787378061, -6.993752026704085

37.791068882776884, 15.866495732981964
0.7489500974635561, 27.17174535025885
-15.91803983259001, -6.293837721536833

40.55404964294658, 16.70246062269014
0.2540668189551303, 28.489680817061583
-19.83476752640666, -4.517905153295175

36.55721522430785, 18.958683705431742
3.372491150078061, 28.20591277670368
-22.664629647248123, -4.804920210557664

36.71395374563851, 16.307112932564863
6.379358681807468, 29.467872653787822
-19.096689296178774, -2.830527867812715

36.16459636242533, 12.673095325541787
8.473379752131287, 30.960215790915147
-20.37625233568336, -5.031678533177673

39.468907607407175, 9.17188169038712
5.169928013965398, 33.99784145271869
-21.957247827537483, -3.2563192617174144

37.48875788970784, 8.33626179089616
1.9077373853586845, 32.81181375404989
-22.76451615217915, -5.826581140872608

39.94922286453032, 5.735972944931345
0.4656237676895776, 32.27924482533517
-21.28648260014632, -2.6115837411919527

38.87420394763471, 4.401564098497228
1.9154719459380312, 31.858629959230644
-19.421938952522446, -4.196583916462413

41.60863445497128, 5.6133871997089315
0.33739862069629467, 29.022004526789917
-22.744181827762926, -2.007464381042327

42.2824527639261, 6.377721146264848
-3.2681695505487625, 28.9741342264263
-21.91268462610906, 0.47736018441620676

40.841954811817715, 2.82426258720096
-3.9004244894680484, 29.516277374279724
-25.25435297711242, 2.800029496265047

42.54697493039219, 6.28151335825896
-3.443965764816843, 31.064632843322933
-29.00236641105861, -0.897181839481755

45.56795278915111, 4.954718195770179
-6.3514506595277584, 28.120616379180635
-25.702926971339558, 0.6320087096889351

44.80495997729028, 6.196041414469648
-3.458087402271649, 31.969216700673996
-26.22478849710994, 4.503012798392934

45.304701804969255, 5.597480009158161
0.40566579004903236, 34.11299251426296
-27.52356758083439, 0.9224772610098135

43.25581115989363, 6.298778803020997
-1.6473860400274427, 33.4649926380643
-30.428615019889676, -1.8562986150729834

45.28510136516495, 7.703006681742967
-4.828118390515504, 35.112549386174585
-34.3263537604259, -1.276472061293532

42.10363988120744, 6.982621941943609
-2.077707798124873, 38.75159629553598
-32.89614582754847, -1.6526004573121815

45.53814089801254, 3.9934340258084697
-1.5002007168208804, 38.979505284863095
-36.126738065175, -1.2236323276798586

47.19585546139654, 7.2023639641368
-2.2992819289015385, 40.87646835440404
-36.126842709732216, 1.246638161840071

50.541359659596964, 7.039969393691596
-4.551995249591841, 41.53720219728626
-39.52149419968799, -0.3896479047301531

53.513692640088294, 8.833221587858834
-5.720964154644937, 44.42215339935344
-41.71899086107284, -4.085100212360983

50.511298430664354, 10.646735181465548
-7.796548293699553, 45.54378330157957
-37.955420054669375, -5.8274303337675715

49.827407160418794, 13.746603377477996
-6.768732796363123, 45.58104002898673
-36.64236749643996, -9.027151912851423

51.316482789572035, 16.31772655866797
-8.036921249641733, 45.64897661808628
-35.716213941286256, -8.022268448692559

48.49126447154268, 15.533747739691414
-7.932483484146742, 48.070355263516724
-35.48269093888424, -5.307378607295734

52.0561267667501, 15.95935941211285
-11.753954465307837, 44.622579971170936
-38.097356168929366, -5.277047820931587

55.95851813542413, 15.296735296870455
-11.326614062096624, 46.69775368091013
-35.05359023812886, -7.840826680768583

54.6687386497193, 15.688759145721235
-13.987860728363993, 44.59889869569782
-34.83240180286701, -4.92532898003591

53.66401878489429, 13.133715501785547
-16.089875101653263, 42.19576555224259
-32.32607431305198, -4.985269495961204

56.5794235174932, 16.743035605437555
-16.340135978013823, 43.11165268128598
-33.13503535243983, -6.882115383132547

53.758056504038365, 20.09882601300771
-18.49112361876856, 40.18055278262948
-32.23760290482766, -4.236596582784127

52.6190339714786, 23.506954028415677
-20.741375106612722, 40.11239067084189
-33.48940308047751, -7.203829016158227

49.416782267086596, 20.177182756818993
-24.545953137062675, 39.106740647360056
-33.802124573021956, -4.770953852329403

50.22567645448045, 18.977954726734133
-24.938222077636883, 36.6849925291747
-34.56851655020689, -8.154969564194218

47.316747003577824, 19.06461647406963
-25.56921395635166, 38.56802665601002
-31.816027196180297, -11.56569809675318

46.834523320076514, 19.637538859878365
-22.812022476751046, 41.91009191135272
-35.53502539256785, -12.30642270431597

42.99439475437013, 19.84068511070564
-21.99120562919887, 39.70079264165226
-37.996971082709976, -14.785550934111107

42.55122045143671, 21.105398657715902
-20.505164999831106, 42.393831298269
-37.098909434928615, -17.181834576706443

40.63707183053348, 20.38006791328822
-19.75194425842659, 45.82798140892194
-37.766188157832936, -17.62906615664408

39.63747387087325, 18.081867216762387
-22.48582877524271, 44.0860466369001
-35.48357101580515, -14.194806501288284

43.28230644880486, 14.400134997879054
-22.64530034438546, 42.3624337314938
-35.51720284452961, -13.306578973742116

39.382723731604806, 17.606223574404805
-26.040670192993275, 41.5941693425117
-32.60286626312176, -12.641369622186058

39.70289397225759, 19.755378287466925
-27.396113468097216, 41.98420199347016
-32.792640755467055, -16.388640420207377

39.0024516319883, 19.68863168006284
-30.68167162066137, 45.445663242398496
-32.95036735652368, -13.755058167826189

42.47127719577109, 23.113112551861857
-34.50350653696044, 45.72433567777679
-34.951482032348224, -17.114146555101662

39.510058916839725, 25.486761774463837
-33.89933667258549, 48.71284166493415
-35.05230833214621, -17.5784510679943

38.274521415588794, 24.966393650074057
-35.0557330136427, 48.18760699702897
-36.96119006142684, -15.207455285950097

35.793447023483296, 27.69071117062021
-34.60975505199154, 48.51453782129194
-33.731095262513556, -19.186842848287338

31.807700668133243, 29.586153374957842
-33.543766657563495, 50.86579804262008
-35.98394399178832, -21.238414787278646

28.68890426144892, 31.847948993696058
-33.368292382142286, 48.15878184059176
-34.263090604111476, -21.135014738084095

27.83845632780571, 34.79194310889821
-30.764326596826514, 45.578544666479694
-32.76921571883071, -21.31669192550514

23.933589471930404, 37.06714398485647
-33.52187792277841, 48.343253140304256
-33.691999045432866, -21.828120509516538

26.05650095197645, 37.48681698464737
-29.75728602050141, 46.59753904795222
-32.25691683543635, -21.482663988766593

29.29292274366215, 36.47972897328358
-28.369397149748714, 44.40925797000986
-31.870681060826705, -24.896328409730387

32.853998039748596, 37.32243696585313
-30.24262789249852, 42.335221742823556
-33.28187167969878, -24.428893410703985

32.79984367364219, 39.21801922024044
-30.61364187895021, 39.982970033196565
-29.673430657778397, -21.389247347942863

31.720583273586076, 41.60931786587007
-34.29962002426634, 39.51762292184605
-28.87948818396829, -21.36572455043414

30.085148783370045, 38.224644838831885
-31.528344861690805, 42.71774587529076
-27.88444721336307, -23.253935608144623

31.364293151682737, 34.89683309734332
-33.941980474337775, 43.366096961193676
-27.017692420730867, -23.092972445522143

33.314681054574244, 34.15342096324496
-34.72851906861946, 46.38825219527579
-23.49800035782012, -26.364626464342976

33.98335012376958, 34.95839322611898
-35.49563248623824, 46.99738586030632
-20.39542409562695, -29.02405777322882

30.429546158794313, 31.16535302237205
-34.321923893787556, 46.27731928896299
-19.207464248391727, -32.488070471317684

29.132546595724882, 28.49094699388866
-32.275857972434494, 48.791533790072364
-22.25047784051082, -30.62728023451179

28.28078952855077, 30.16250431768486
-31.482760606984048, 47.73340014141448
-21.407404841238787, -33.02101640706654

25.952961024746532, 33.50498338235313
-29.173714435522818, 50.98747911853886
-24.533745716064672, -32.80002205018237

29.598465241196006, 37.21936136825992
-29.278392512768406, 53.51390389577844
-26.198095640721846, -33.36303283546163

29.026463660665602, 41.17103583200896
-29.532426896307015, 52.4776703560076
-23.551580736623634, -35.077362146764024

28.825682837156062, 38.35208586169916
-28.48075706665919, 53.8137109589506
-21.920932386085834, -31.702579578980405

26.658838033040873, 37.280757488993565
-28.66018268418541, 52.28376490445788
-18.670196471164953, -34.18433133762221

28.414269816979644, 35.94169268458014
-29.702646678153748, 54.75987485966514
-21.712407747325358, -31.71787653106677

32.219671497562516, 33.10499938597515
-32.035094022693166, 50.88028283191335
-23.8560414400923, -33.72181181302454

31.106021972986337, 36.484705156907474
-29.77709146395175, 53.76021965541972
-24.832570783554896, -32.499248527240255

32.9830250659576, 34.07967678027336
-26.2133852119757, 54.579934847224706
-25.944377620956647, -36.306250391594304

34.050130833626014, 30.921170029652757
-26.26933427450566, 52.35584277341396
-22.228718970124046, -34.26425258074522

31.31598812869841, 27.628315743767747
-22.530245106884426, 56.09199955967356
-19.203179661520192, -31.01712072595569

29.873519383541566, 26.665603604367387
-25.786292754208247, 56.82762409392873
-16.75040490709666, -27.11434103475181

28.241172091255528, 29.49246422854165
-24.01657408599657, 53.42831142140661
-13.644698522682287, -29.15308374853903

29.2851546612546, 29.565383364535972
-23.504042744580012, 49.637665287765586
-11.01499448058225, -26.03798487639311

26.28618831972464, 30.407916667703653
-26.233142893450598, 49.0731961127836
-14.94961717799909, -23.42710368440642

29.13196693866316, 26.60127799115457
-22.975424482781484, 46.88481085704429
-17.250459173641453, -24.243626302944293

26.41360849683624, 29.6509577166636
-20.329313983781823, 43.68769774747759
-14.738388578532874, -23.095426832217893

25.31909169172967, 27.121126537680315
-21.135186083982635, 40.920889913716145
-16.882624609601777, -26.37989397200707

26.09252988585036, 26.507674057543653
-23.274116844341037, 44.13333403566311
-13.491891734236795, -27.806216870013078

28.35488689435753, 26.972706611441932
-26.000554662537333, 47.94989336968713
-12.987025263603392, -29.14720458648076

30.044326954333318, 23.248096626639732
-29.393066944520477, 46.0173509351012
-12.539220816167688, -25.73027330543063

31.289855902870688, 19.644179315448937
-27.208613311332535, 48.13808890374775
-11.852564753572878, -23.60358849278815

35.260743996404074, 20.99344763132691
-28.63268264931839, 49.68026972807936
-14.855406624552518, -23.21157887475152

33.51992552803311, 17.135082580574945
-30.48228861460612, 45.969842163444255
-14.46825543197584, -19.52905064415991

31.406978175130988, 17.35611338798259
-33.86780470365654, 44.060995478831764
-15.4432766184487, -16.935082871304203

28.26142631311536, 18.230157005875114
-37.582998096253384, 46.65245731504042
-15.49918198951779, -15.840794616354533

28.825097836436946, 18.609138103245158
-37.582151467682486, 47.21285644922061
-13.6812262820204, -17.26406248830203

26.31011305335984, 22.200070775623658
-38.436469807832246, 49.40344201484114
-12.741261717796691, -17.893489022212666

28.29051555412215, 24.435970121879045
-38.28058148384169, 50.05425279990134
-14.510330195552417, -17.586181360167384

27.908643441084138, 23.646366252544947
-36.170889704804, 47.28132223136254
-11.428751125116195, -18.48291335324514

28.907988505148474, 19.736149109306503
-37.58773694748187, 45.2316279094923
-10.102550259616104, -21.885188494546952

31.207688229874165, 23.28179241959854
-39.635377981944, 44.99286292065079
-10.690339665656843, -21.878192543398875

28.214005378754862, 26.661853759863703
-42.217897067948456, 46.97478787041936
-14.309680495293069, -19.784552523356354

25.3212133065434, 22.86083748569523
-42.16766884280818, 43.86350444026784
-17.13785665043908, -18.401345037229436

22.687316251740427, 21.23773231730707
-38.33500215294594, 47.66713557410492
-19.581152892227543, -18.231589297973866

22.131694424373073, 22.003698514751694
-39.55185577741341, 45.32654292771938
-19.358840203875733, -20.529041843371218

21.59233137558495, 23.048421842579284
-39.182801878129126, 41.336395004455056
-20.82313521585413, -21.531143391560647

22.033488524282095, 25.291397814302652
-38.77681247897249, 44.78546205422988
-22.041280019429955, -24.912470688515896

19.621924311453004, 25.043863931157453
-40.98950482226357, 47.15381972002493
-19.94798669175116, -25.841411838694224

22.386568140208944, 26.453777595181712
-39.95409161000664, 50.684823586964576
-16.48996247699627, -29.10174714378124

25.45777446888479, 25.75854372083267
-37.96633662620464, 51.70480838771979
-16.74261115095428, -31.053814719984906

28.317927010972134, 24.92694253026634
-40.09886125199988, 50.263013160408164
-15.437640879103524, -30.108758745829494

26.382918013250013, 24.948307783732815
-37.39614129390958, 46.854799072471536
-13.140906127093889, -28.715135658534326

27.991056763920835, 28.699480995005143
-35.941144670030596, 47.45307648493123
-13.384813775193741, -32.46610799837259

30.177540671147312, 25.544960987579707
-33.24139919484439, 47.24754828140957
-9.754776675838185, -30.104555117512533

26.704729951770894, 21.60435854235517
-30.70023666170037, 46.25723689991756
-5.755351872792039, -32.76970365686145

29.10440958151628, 20.322697533388148
-31.825293154722885, 47.131114428730996
-2.474513981595157, -34.90284572903619

26.719149742867224, 22.912366407841542
-34.522127583544396, 44.527104914926376
-0.5736053420370499, -37.20383849625434

24.963062744156417, 26.130196033346266
-36.7808951871231, 45.6765760421545
-0.4037402579078222, -34.70000018452694

27.89444610362585, 27.802549387803136
-38.61233498890717, 44.83992928331779
1.8418349509354464, -32.704301867440165

29.880667177195342, 31.594813048500033
-37.36490447766073, 41.425691646778844
1.6083693269497132, -35.71021627777529

31.827414925609556, 30.46507472756108
-36.27923410618698, 38.67008477144428
2.956447747662109, -39.516628330697074

32.36926547052803, 27.77289151797723
-36.54377204485712, 36.456022594186784
5.7465669231158625, -41.76386912252979

34.272323909595, 28.02041066466795
-36.47530288810057, 39.749898989347514
3.7937638812384336, -43.751754064615895

30.739029306771172, 25.49460123233877
-39.54822230699808, 39.62385411737035
3.225010859064711, -45.75012484158559

32.49423881817296, 29.05359196224152
-36.52982200216765, 40.56433519214494
5.4725670278482115, -48.323865492602465

30.704708606404083, 25.791287824236814
-38.545715101395515, 43.02052157758197
4.639189591006648, -49.76038350145771

33.86719022821512, 25.07649030878394
-38.67552579969035, 40.023624041805725
5.191699246300593, -46.27924035078593

36.82756197091268, 26.964248615150403
-39.49335857395231, 40.5182925007639
8.517919052530374, -43.05917671930939

34.866179338181844, 26.359979701327735
-41.9752997492511, 39.1997198879106
11.182191487446495, -44.44425873543919

33.097772592246095, 28.605609990102828
-44.495961204786575, 40.222903195895626
8.46188903411192, -43.320656187544955

31.42939427571271, 29.153981108940066
-41.53259950618656, 36.46362870713932
8.520170492105148, -47.242223396238245

31.32953068308683, 28.60170102320931
-42.377444809988404, 34.34925129472481
9.728529905597423, -44.9243026133615

29.62228049321703, 24.77919912489984
-38.82654712892037, 32.35652028732818
6.590219783895563, -48.40958455070602

27.117022475218366, 24.704219444923517
-34.95116048165454, 31.854390255726084
4.03926590959531, -51.64448938268908

24.708618975335842, 21.418132292766266
-38.705463770458906, 33.189906679647656
5.105895042492504, -50.96944704028873

23.367745836175846, 23.616687597835735
-37.55747491070189, 29.991811206255484
1.7461115361853787, -52.70459341174494

20.826718220237275, 23.422191221222498
-40.090848828997096, 26.167912747994414
-0.3497052356517436, -52.96539097717129

24.65283957138638, 20.454602190447073
-36.724758183817606, 26.18696940192893
0.8549094867155516, -54.98984361391011

25.76909776021307, 18.464030920657624
-38.506843731366786, 28.88601308736442
1.2688915369407257, -57.80233276506117

24.46014944568857, 20.64480667630467
-35.406309908512114, 32.08092987615844
-0.36477755552269286, -60.80630746807381

21.872896850149566, 20.681959089723797
-37.39498132879969, 30.815982183727176
2.203185062798031, -60.067481025028904

23.803843661263073, 20.93412071096351
-37.00451515702849, 27.23652290160267
-1.746932905430035, -63.61939100044063

26.503621659076693, 21.89846109276135
-36.827662777305704, 27.084614506240445
0.27118079343834367, -64.4595875334261

25.838808231907187, 19.374913225490197
-39.09607650963698, 29.539041029097813
-1.0323015645745395, -61.05241138795436

26.198109795669836, 19.84785581963755
-40.11096647896796, 31.24090967400187
-2.70810486152949, -59.861287485286

26.99373105725763, 22.53173243749096
-40.247952373630056, 34.37302644833328
-5.932480335041271, -60.37230498078468

24.904746093471765, 24.233087084838488
-38.32524491305269, 31.334197738786916
-7.575287398632097, -61.1360481555058

24.731930243838292, 23.70320343861239
-38.983976430778185, 31.482086705602974
-4.429835161482703, -63.843916898287915

25.99259909148324, 23.38274832155835
-41.32916382747339, 29.644605605991504
-7.503092719813299, -60.7382560156769

22.54428340617182, 21.283155082615373
-44.33551939894931, 26.951824824170394
-5.219696640426591, -62.01605118008162

20.765619927940108, 19.001443662995015
-42.48046545723953, 26.595936664616353
-7.235907673240406, -60.20298972494139

22.158847251108654, 16.234175321109895
-40.73493936238512, 29.865348898070287
-9.950322877168706, -59.526029942406154

23.589088179784117, 20.20075791554269
-38.315388060595396, 29.054079423570478
-8.453651211444011, -60.47822302009765

22.388856296659426, 23.837964517780065
-35.68405233004878, 27.71827498023795
-12.365830303207789, -61.23654085762726

25.887970811800216, 25.551213961614632
-36.41720528196767, 26.6393320635376
-12.753580317280619, -58.40148590428008

23.143682601134955, 25.201672432314453
-40.15345264630069, 26.703960843432185
-10.65797893390455, -56.3928890812204

22.675736658231397, 25.28660453295993
-43.32174605931627, 23.151544597011675
-13.16354430764115, -58.52176346316147

19.299666690457556, 26.104875358754125
-41.12846117073863, 25.66763560993895
-12.88523635622035, -55.40968664592815

15.311226706651455, 28.034098617188516
-37.50664573793337, 22.814826122613027
-9.758405878395209, -53.06788851977666

17.685157066562184, 28.167270789306187
-38.15271808709918, 24.128983862406887
-8.256652938262285, -50.30045163505898

20.292167045362163, 31.55108986485092
-35.18724775538563, 21.29566525713213
-8.981168550666208, -54.25893213864747

17.584447679643112, 35.14149760610958
-33.88814572241351, 18.685665007265918
-7.830213862816981, -57.30596316317945

18.601177107264327, 34.387489558013925
-30.40116090993748, 16.18208625353498
-6.917621979473486, -58.173001599327606

20.58777466029362, 30.97997748788658
-33.58401009904022, 12.563379523513461
-5.282109240702905, -58.85422652633735

19.894313860588483, 28.05196706466438
-32.40979594954232, 15.161973884168312
-7.868193880000208, -55.22020424582439

23.585225228063713, 29.198865859975733
-33.73676154918486, 14.355152095179797
-10.178583716256824, -58.581075699189014

23.49714482998924, 26.436216047181695
-31.221052097407636, 15.051885132105593
-7.372385731956471, -55.7084372415413

23.40531416798565, 26.98692531819647
-28.44890011877048, 16.857665046461033
-10.546214389820275, -52.907297470391626

23.362807715327776, 25.987211078320588
-26.36538262232537, 13.941058220233307
-9.693775892716264, -56.67008146507819

25.10994231386681, 24.081087109493197
-25.392672693672928, 13.783152103074947
-9.733549413298693, -58.36998044415559

27.5124006567227, 22.38874989052048
-22.547213735224105, 16.51661502865476
-12.079369684351633, -61.719650402996976

23.943534957093483, 20.667047081830436
-24.882884245615934, 18.43259662377011
-10.513329827403288, -64.06533915011566

26.466710915596167, 20.424713928667764
-26.466756432871342, 21.220561722842895
-9.71371216487124, -65.21896215162104

29.8787247726793, 22.31387420712832
-25.253393321885852, 19.35443220816771
-11.12307144764139, -66.2911939954408

27.34736358264636, 25.53786405573205
-26.73145133125134, 20.190706496870103
-11.426820013858991, -65.3396443460628

30.89245584225152, 24.42937392870884
-29.055141536241067, 16.215358613633853
-13.71310413982428, -61.83498563747451

32.56894616138858, 21.50781781414134
-25.108686442467118, 13.532354448011356
-13.216974997028938, -62.174693340058745

29.978575456087462, 18.194070600410946
-22.067259137929916, 11.066503283357111
-14.996583055926546, -58.45397838679534

28.289038153959723, 20.881957663573463
-20.50800360490817, 13.64572079032762
-18.919684569749467, -61.141802465989414

27.303317105366773, 20.69436648568752
-21.148667833852322, 13.451504237901565
-22.373885719076302, -59.53478182837751

31.098846908568028, 24.28404926122557
-18.345547249427003, 17.33721017211138
-24.65249046690286, -61.519547442637645

27.640574889644117, 20.549706147594513
-16.12667975492723, 17.6708287452411
-23.075201611618596, -60.94275093241706

30.297510027564265, 17.085426866014657
-17.458783848509604, 16.85733069117895
-25.95976919976698, -63.1725296315567

30.251996560875163, 17.34597282763337
-18.229087384500012, 18.43733584972268
-22.248110652400133, -60.63430240740256

28.96252320907261, 17.60134684178422
-22.05910146013646, 18.45663878650643
-18.986794604675953, -63.17730321055686

30.648061601513387, 15.988960068969153
-18.777305710099267, 22.281610874632804
-20.452420955928638, -65.89916243982272

29.232575916247633, 14.75169391167696
-15.528575903831996, 19.750704101477254
-24.44207484544164, -67.72854258645526

26.071713646489776, 14.12417550282057
-16.228486305431094, 18.04872349832719
-26.862558763003957, -67.21418350515319

28.435028822105387, 15.280827693772414
-17.34514722076768, 18.59237068023991
-30.59498562175678, -68.64950142297565

32.117607963636644, 17.42664213969209
-19.540435457581424, 15.29513670301612
-30.550177965371127, -67.40460339809972

28.526862442025255, 14.832994654003613
-19.216584046382764, 15.145022358449094
-27.974448991351615, -69.10416791330158

27.64129344960152, 16.36655606203672
-21.628143207548664, 13.199303722439758
-29.707700626178728, -69.16807156660283

24.169252960791244, 14.50276917671116
-22.678907972776607, 14.034016699230323
-27.897793958991418, -67.324713076062

20.341283500001552, 12.743031170094271
-22.355584040092957, 15.398223234211727
-26.317684927812174, -70.51607443824062

18.770392077786937, 13.210548172871555
-22.40424177741098, 15.435987683908511
-29.04396963625029, -69.53649736810243

18.190479387676028, 14.160829236770724
-24.244547464368747, 13.219073824507047
-31.50412501060032, -70.07834027218956

16.111472097593065, 10.223209992649728
-27.43656471795986, 16.947757017940553
-33.29244699083436, -70.48584726160617

18.90751916081024, 10.036909132319614
-27.426688516669543, 14.877541524274196
-35.29193217219963, -72.64659432567933

17.20985694279114, 11.570549337071537
-25.90032557459048, 17.306905866713603
-32.078620589415124, -73.56417044735574

13.39134463128146, 13.619363729492399
-24.02182238629907, 16.858054090689713
-32.0068154485637, -77.08194191528739

15.409133583336942, 17.200880384792406
-23.765728539971505, 14.521155166578843
-35.912146936196265, -73.79944368723878

11.817099900753549, 15.609940412455643
-25.16479290598639, 15.56965451615326
-32.82351027316924, -70.26683211746158

15.748380752036631, 18.474826166976538
-22.85549971554391, 13.932985641665702
-33.241629334651776, -66.3760203570245

12.732568556634712, 19.37732378381562
-22.43070060932041, 12.443857187962783
-34.1404984766075, -65.53903336751965

9.706504218700907, 21.218623232496938
-18.614946572416365, 8.501941591494283
-36.845557082884625, -67.7553307363117

7.716529236011052, 18.589379402738587
-20.874384616421324, 6.940999156133832
-34.022325618121215, -71.64091943441473

11.20401609077091, 16.38054225797759
-22.429109057152182, 9.287300955415315
-36.818071307340624, -72.79546417392015

13.87616254932497, 14.547834966409333
-18.553750824016358, 9.534120336153624
-33.08682885055481, -74.77531051599867

16.193977530652433, 15.1541189399268
-16.40110409189682, 8.629861281696702
-30.81097146070575, -71.31516124195456

12.29204609312192, 17.58897759549123
-15.91145689255929, 7.761809549773962
-31.180658771431812, -75.25299573728815

10.449038438571915, 16.78340822822912
-15.42002728998916, 8.651233039135754
-29.659270556403087, -76.017269343099

9.652351564149093, 18.166154627260312
-18.97961639222213, 12.178202900873124
-30.8965238001896, -73.93444264800162

10.195869778538775, 14.633563262637853
-20.134198689381535, 12.091640648255645
-32.23336340777198, -71.35149935980266

9.013911569917582, 17.715213927916594
-19.083002552590692, 9.193416362169593
-34.31324359227088, -75.08310620410057

9.895538190800558, 20.26202806611454
-16.653648645814428, 11.272127616448941
-35.779928089562915, -72.79128353185648

13.728057463255336, 21.312318125088666
-20.074696779776133, 14.436981112262288
-32.80223653736731, -76.5555386719459

10.961099148732364, 17.569625810544437
-17.01082810645844, 11.237499415222285
-30.038594824012186, -79.39608290686404

12.714710385857217, 14.936678174996251
-13.027122314492487, 9.390666031170266
-27.291936078317683, -78.11134403516323

13.525984113364348, 18.883264440545027
-16.610595988256286, 7.044454539498546
-24.52102580415304, -81.87317506589004

11.164592208404459, 17.24713331616171
-16.766939385294577, 7.5575278571167015
-20.888747599520176, -84.16384855210278

8.24281500652728, 21.202980017151997
-16.006688639468408, 6.447864780059417
-20.488159401632238, -84.93842087062363

6.783610899909404, 20.575389437847104
-13.573113519863872, 6.287930250730655
-20.800951101211023, -86.8183916101798

9.868938729781902, 23.355378233126217
-15.352900569007513, 3.438848421124886
-18.74611236985913, -83.61936406956085

8.742682224704732, 23.259579117439426
-13.021242385700836, 3.744249601353009
-16.04989916509121, -82.48907943239767

5.499765068077609, 21.04770287640441
-13.611287031144787, 5.683641546004968
-15.312108486672171, -83.76900965204214

7.034131108101825, 23.665559271065067
-10.535880770314096, 3.41560361980733
-13.119101505233921, -85.42272039144642

10.801234610811909, 27.405978205912678
-13.151503545007944, 0.232116750306667
-15.256509941348483, -89.04298493192616

8.73657775236142, 25.012743443453257
-14.915139048599237, 4.201343889948013
-16.120247949871388, -85.14829004911948

8.218688606690666, 24.887202932561486
-16.78206750701386, 1.215853834289499
-17.958957672306283, -86.88682336214416

10.975935434128262, 24.76399345099435
-18.038374281500268, -0.324365521023835
-18.792289482733633, -90.51126658662221

9.232870560282702, 26.237922154813532
-20.217364688713147, -1.3462383795251274
-15.178770724017454, -87.34198584561622

10.131979244273472, 23.307797110032297
-19.284009466020258, -2.3099657595594216
-12.166211733926973, -90.5143464127322

10.499888438483236, 26.982303918520184
-16.62904066926901, 0.3896677176298047
-12.116640691473437, -94.12090489342233

12.020853163349443, 25.804920959135544
-20.450613255694233, -3.0750780010801604
-9.37202068936239, -97.59238573453364

11.851515055921581, 28.979970317691375
-23.871528858089107, 0.45159374913856887
-5.665638422803914, -98.21586565513914

11.702878700901767, 27.20691132793341
-27.85656446113682, -2.422218939000544
-3.311348698754184, -101.09558112165686

9.95527613184273, 23.726780990789035
-30.106111948637924, -5.619325294162169
-0.8645583241295451, -103.49510338575618

8.985525893534787, 22.33569000412392
-27.536583809986002, -5.6614969312742796
2.523609890714477, -102.3295203747011

12.344750298052919, 21.111286298755587
-30.61465766111873, -2.6643032002958975
2.112713976865855, -105.68518533187091

13.617687059194141, 18.740704650761117
-32.37695183773698, 0.2446450947469767
2.734002662027615, -109.60650289871857

14.116445945193231, 15.671802114134689
-30.81014985029214, 2.2248880703994827
-0.7700332655091096, -107.93594819265242

17.651295475232722, 13.22949111569475
-28.02236504287044, -1.1227051273540276
-3.4731774767712604, -105.05893212970618

19.099983867995743, 16.21027220462378
-28.423039401451035, 0.7228751753052256
-6.857294675790954, -101.55607500839938

22.032356808606, 15.437076122508312
-25.250915314461007, -2.1738427833528764
-7.753826753417218, -100.14104084834844

18.93787900953538, 17.636723905988575
-28.946594887649706, -5.052881947051754
-3.8015865307709538, -96.9731951377939

16.135382188302486, 20.86440714767488
-30.41484538865902, -6.341549875583095
-0.9715830981991251, -94.67141474426508

17.64879301983116, 19.415887325634927
-31.288903032926402, -3.189380194180208
-1.0425477015772975, -97.60183326048833

16.325704380477173, 15.423254778910579
-32.608666479088136, -6.164578843308768
1.3985634354001695, -99.53807265976981

14.330879118008113, 15.205161945140407
-35.8614168015671, -4.249219823628794
-0.0399682828725485, -101.94305516357147

17.082323830262375, 16.79219520134336
-33.670318150819355, -2.9596730467594625
1.1404741274244943, -104.76527384557549

13.145287843698343, 17.276355044931165
-35.66765668542764, -4.024914300621474
-0.9206772984204346, -107.09997272711769

14.025145204295317, 16.571505066151847
-33.66444228438206, -2.5177953344908035
0.6074889554313438, -106.33669621523099

14.322087938901625, 16.18959646532123
-32.792407302102276, 0.059921306579788336
3.005209339640788, -103.05905578456509

14.777263494345533, 18.639464868618198
-31.400498557826364, 3.860314601612581
6.091993327888811, -104.78502619337598

11.607206845165194, 20.034649942418223
-32.038167634574506, 1.9543613876411134
3.3255266618435613, -104.6409184554415

8.173513179321223, 23.627459310010856
-28.21214494100984, 4.828036782675978
2.5545420337130453, -107.71337672712366

12.126135936955695, 21.736105208367928
-28.385227609133118, 6.768294510360098
5.261990292053395, -109.23432897397626

11.109605313526716, 25.34655866017506
-27.312410746861975, 9.441270549205715
2.580578716074611, -109.27294802809935

13.264328030391685, 24.445732472636276
-30.830678911104172, 11.884371249833851
2.5454616057639496, -109.71525534563418

16.134961255837414, 24.109686640904105
-32.78928573142533, 8.187021521801293
4.982538331856578, -107.34954245073129

14.454987685288732, 24.426741626660167
-32.75446899790554, 11.687525675851298
8.43548390587811, -105.65650741264056

18.304799947507057, 26.03128140987196
-29.970953009239594, 11.466573944081807
10.140789568559274, -103.37137634781723

20.349724584213803, 29.420056989443626
-32.73085359102886, 8.422694606982407
11.500791169532686, -106.18107260746706

24.170420446986924, 32.031656649106495
-36.40185357121989, 10.277627964897055
13.465030600191856, -109.08921301637314

26.17345766308573, 34.735973167225524
-37.18061548552668, 9.724101804290992
17.229691085725534, -111.73386241310291

28.354200094717825, 37.29951121690626
-40.18178576203013, 10.360286886783477
15.121035150342465, -111.3127396666915

27.36540177088496, 36.731995866383826
-36.96288225012698, 10.48862381409667
16.69114996833639, -108.05861318168722

23.98055513420431, 36.46806840749194
-35.02257679894003, 11.452689445971446
15.16009439585558, -106.91155859234254

25.59482585585488, 38.568139589043106
-37.51627127293463, 12.31641103007506
13.062366860848929, -103.58101368859235

27.488514612135106, 39.227622690346465
-37.581688568365536, 15.012432553768527
13.829951262103865, -100.63662299964132

29.926614706861702, 40.15972236339434
-41.17111845340165, 16.483240644790577
11.893602791119298, -97.67509892900371

28.79792068313114, 37.13652572067598
-43.46201375661551, 16.346349466766153
11.101752690441472, -100.8143274376279

30.494139067228915, 34.112601306419975
-39.50331799806903, 19.249162650788342
13.526954650168207, -101.37503755351945

33.74871281664668, 33.07545708052745
-39.76641451362532, 18.651520396003935
15.66915922471172, -104.61504997113056

37.3101730296617, 34.06627140109923
-38.26531076896866, 17.864643732060326
17.80376993232303, -101.75145638110328

33.3571566838142, 32.38956029265511
-35.46951499010528, 19.055432252080852
15.268800806248745, -98.79201607124497

34.90209603878322, 34.190415833923545
-37.30726452650026, 16.361620851208144
12.14490491367797, -96.6058053646639

37.40784155035304, 32.885863366394645
-34.91056809180985, 14.20796971846079
11.147154241244614, -98.9704099285864

37.185141751312344, 32.08949489008493
-34.695769363648495, 16.237570597794814
7.203354470450052, -96.56807251565726

37.745756917687935, 28.681072779711265
-30.752646157611572, 15.09724354185008
9.028781793957057, -99.69155924654595

36.629076330860464, 32.252795221665494
-28.24285158448019, 17.503026198666312
8.724797790735789, -101.44329897089602

34.85121093637796, 31.9754188862313
-25.202333069420927, 13.710525719870052
10.968564448969303, -100.32453063863032

38.82540784067282, 32.31971185654533
-27.702047053446265, 13.266196173675908
10.24912790872343, -100.68697323071883

36.87469293268217, 30.313283853765814
-24.644534147193916, 17.039575742025185
13.752505003396491, -101.9199371254308

33.118029495789365, 32.72162588911562
-27.001647566527296, 21.01306596580664
10.301741412621332, -102.54182881912472

34.728347520940936, 31.115323097209874
-23.00499797084261, 17.773294323125697
12.147005118984673, -99.64855465001499

30.989075599395925, 28.82330792957692
-25.929170066234615, 14.208325727102942
12.488672026721527, -99.47103341326762

31.89402618614275, 28.448590910063434
-28.639724807769607, 11.513983144607007
13.448569309680114, -98.90425602945047

30.231789438741785, 32.26513522068838
-30.123034897550774, 13.255376546129677
13.15957030226872, -96.4724098703868

27.80010344632958, 28.95707823099691
-29.961764974527842, 9.9117244637256
10.110808110577764, -99.76623592923491

28.12393198653815, 32.21438484617076
-31.839980578825983, 13.55522900775602
7.050288905351084, -103.43881624843883

26.347429248477297, 34.28626383250894
-35.75525793149322, 15.757714904232543
9.357399427773688, -100.3921104523806

24.314641867342058, 33.904801747753474
-36.6590195688603, 14.280554695133363
12.356126747506785, -97.01797731538221

27.49506790903414, 37.1044660648424
-34.329381301591354, 17.854784538614982
12.477035257811682, -100.42340427621893

28.06218286251989, 35.04275616725482
-32.58222570434208, 16.07103850204571
16.323689113432913, -97.10997046218104

26.622577337057574, 35.97853785761193
-35.921094778153446, 12.941536908863377
15.389309300763522, -99.82743554372679

29.447763270158912, 33.98601217056782
-32.64523612712503, 15.500442694346903
16.34548137530485, -99.83248947676358

27.623383076320312, 37.65914776916465
-36.07228071323136, 16.971627383052382
19.767618931456717, -98.07494102125133

26.388015371847892, 33.997435855258644
-38.62993927669208, 13.559438658041636
15.935476846599197, -100.46210900895083

27.86328075863856, 36.871247906342546
-35.01170307510676, 9.893382273460173
19.661685262462655, -99.55627043004549

30.055690445045393, 32.90913024691605
-33.62858931912301, 8.02758156548083
22.290757266775138, -96.58588355566273

27.784707244882913, 33.801096701595874
-33.009682395199235, 6.459633917531162
21.055853288887093, -94.88668706047422

27.116446132462023, 35.85120586101519
-30.555884019130264, 9.281062871668915
21.016826742011112, -97.5746206177172

23.243809834228735, 34.72228190525198
-34.43224005484516, 5.71364685709628
23.442209968323418, -99.87312189809901

20.74561801496887, 31.96161729316265
-36.07164597516567, 5.201218554586197
23.02757242289122, -97.3678858588499

22.572078518724542, 28.514362147991193
-37.80351631708871, 4.91667932752931
19.936749123866385, -94.03886994475596

19.793679861378305, 30.70464158578328
-38.914866971570056, 4.702049663996766
20.909626000869334, -93.79158251285263

19.22131692065034, 34.614554117851306
-38.13187716226239, 1.1845208938959457
18.199454125313316, -91.8535035930449

17.6305036011372, 30.70889078433322
-38.4484069271367, 2.6408872277536064
15.347259749264925, -88.92987415579732

17.887122659754823, 33.524202118503915
-41.286346877824165, 3.767993231389484
17.26398180213456, -91.03734575009086

20.538466431907523, 36.132189221575594
-42.90958688588155, 7.732883938123449
14.562331533622615, -93.64212830861227

21.42074519368259, 36.153956555958956
-43.04583986856842, 4.339241292620194
13.875585292316952, -93.62665268390111

22.189212532363054, 35.99196465430818
-39.389552932487774, 3.0595488297035036
12.312731681716553, -89.68640052192225

21.22446648107415, 35.93171354315587
-35.87337119145348, 0.4843590161767013
15.240713563722487, -90.79040142578498

20.576212728413495, 35.25660866792923
-34.71968695850928, -0.19263652452217173
13.347560049099783, -91.70549066828359

19.265102921113222, 35.580871804675084
-35.94934267155209, 3.225507992130386
13.309975958733073, -91.75802980761507

16.15678550118365, 36.590241092162316
-38.657837475500955, 1.9490840221055157
15.797778772191837, -93.46104348303595

19.08949680849358, 37.89709006251963
-36.30630208877964, 5.640322762457358
14.680625968721639, -91.34787759246986

22.027201559715003, 34.89708577329954
-38.57427944707668, 2.3996980836569666
13.911897193736095, -92.33153900717105

19.63404176733223, 35.434889209801625
-42.36574869404004, 4.196564325985156
16.92803375855902, -93.5316791186356

15.636514022596918, 34.21426775908393
-41.728214434514996, 4.393976210990028
14.445732519832298, -90.92067120437211

18.320812301549424, 33.47550333371029
-37.94582933038842, 6.989292769822655
12.72629909200418, -87.46383584699382

21.422125219759142, 34.90060978422427
-41.38003085408366, 5.522152579824527
11.444290124397536, -88.25478621946463

18.84604350028328, 35.809118055030154
-38.46693470966646, 2.9184123320991517
7.739531151855326, -86.17324811365731

17.371163927348615, 35.20440191777813
-38.18414857421235, 2.185138061940738
4.565215816894972, -89.6167666036216

19.78571219050597, 36.357651787085054
-39.40144421454724, -0.5386849880602789
6.704440218691462, -86.71163139264173

20.18368427326506, 33.015653731000434
-36.77468833027784, -3.949140459125468
8.103643588631016, -89.3888971620244

23.03520745457529, 31.436113644146328
-34.04654381028941, -0.7132250354555403
10.704818508012623, -86.8010658967559

21.969373475654656, 32.57687233683187
-32.70304601377187, -3.3864707448452886
10.339818871945123, -88.4369880058167

22.517209503004533, 32.35249858425054
-30.134949145059547, -5.576623325754733
10.860372252013264, -84.56175967011995

19.19067635940776, 30.87529062442804
-30.566384573809444, -2.6010565555467533
10.992495989905724, -85.89438534903465

19.84524775145743, 33.44818380539047
-30.582037598069817, -3.6747043530903447
10.29000357999361, -86.03719112882418

18.502325251414934, 30.727081225311622
-27.7586926978409, -6.062042807998058
8.521219761414894, -88.23357147569766

17.254430237507947, 30.191619533837475
-30.030894746303225, -2.45290772878636
6.038888564873211, -90.19240825575598

16.57521379855087, 32.58983474706507
-31.39550190083113, -5.471312465344359
8.865102079010319, -87.77641643990434

16.660027248488394, 31.659913623148725
-29.08440530791767, -8.414861260589161
8.465620920245568, -89.00746858907456

14.01311980424014, 33.1917934319412
-28.699826704292406, -8.445609470917951
9.971614467938554, -86.21410954328678

10.3628878683812, 32.087393266240205
-25.537240015872996, -6.420600619483235
7.553828983655501, -84.90902509343215

13.312817073674612, 33.59366734388716
-24.71607777014084, -5.716412359099369
8.07020647188369, -82.41864722185267

13.128627008925836, 36.6716463531975
-25.936730248524167, -4.757273813618992
8.253144883300504, -83.0377593687205

17.05327794850433, 39.197693376454296
-28.537152662815693, -0.8927398637157404
9.467256819367186, -83.76508524039734

18.932687781500135, 37.91458736003498
-30.32276697258155, -2.4255468251094356
12.314104414860115, -81.54318954432178

19.715559903872258, 34.39071350199623
-28.3305999176715, -1.4128864151678941
15.633275019422912, -83.17837859171908

19.778472914972813, 37.53325553686532
-30.995293353156892, 1.1680954109623478
18.293817002980663, -85.27048456658835

16.798864237504414, 35.79083449614358
-29.556401573942065, -1.9712827976276426
16.782899856100407, -84.23494861528835

17.722199760630787, 39.17742481554443
-31.741383648669405, 1.2988626908739436
19.206502330308233, -84.99423297372786

18.83183890026583, 41.0525760358456
-30.935570704645755, 3.483708720685046
19.251039928032593, -88.76196528406963

15.951236743590318, 42.66671817091418
-28.236639913766204, 1.2571421538293457
20.359740542809217, -92.62231956680836

13.564398136411, 41.6454158998573
-28.60584343534925, 2.3559031345805437
22.363629852503042, -92.20269547685257

10.289383205985093, 43.38085848676606
-26.253747252469513, 1.7666910976279864
24.635299975387916, -91.06353779356218

8.720844557067363, 40.27245781038502
-24.195207170553733, 4.255832074233313
27.052779637079393, -89.57672243929514

11.614676692536156, 41.20299156047162
-27.75480122890969, 3.3332650289137495
29.392502510693074, -91.55783115069397

10.461028198284344, 41.35134975551028
-27.554205199242354, 0.5303807126372568
27.06957713220909, -89.29733495130915

6.472122461964143, 43.59003364799936
-25.0410057817373, 0.028372005019060786
29.246875563051205, -85.64592124318048

9.50512129639705, 40.33361797495185
-21.925549235617474, 4.003317231834941
27.466046299516798, -88.95386449916386

12.096532195746313, 37.482827801796816
-24.476606151855986, 2.537139558058751
26.172523262658153, -90.73280302920956

12.384454597615221, 36.39066009680323
-27.215127491341562, 6.441160833700445
26.684194518008063, -90.27999393167377

9.630200545144579, 38.55296038336594
-28.811475830914368, 9.492752037431679
27.094735930441168, -87.10155071994787

10.623353270199082, 35.59172261761894
-32.736196847776, 9.28814711010655
30.893267704238845, -87.07370869415426

11.404509831591579, 36.883025625798346
-34.50723626244969, 11.77250838502884
32.195777329835074, -84.76281123124821

11.463404317746399, 35.70001952197791
-38.426268529789716, 9.955262204504574
29.790577707556682, -81.24191636055158

11.229102084985342, 39.4255174003759
-40.62460893178512, 12.58836366711279
30.10360748766508, -81.1042964272135

8.924222698803352, 38.90756592214998
-42.59616375573424, 11.70442887607326
26.756245346927876, -80.36706683470601

7.088026469641839, 40.11885063334108
-38.846414678442486, 9.476711356990617
29.51862232422818, -82.38459814424321

6.453605470965111, 40.12382260547102
-38.53817120102627, 8.24326482869158
27.6788433194592, -83.74415778882747

5.158194979909087, 36.910872819311784
-39.873976890362144, 6.132277552145163
30.702234781963952, -85.57647221677004

2.4474983117798264, 34.16733578793789
-38.086125717402254, 9.641561659770069
32.88083957599271, -83.9712396889571

4.5661207311563725, 33.7271477928304
-41.726519456609815, 8.102351101211632
32.64093765384267, -84.31875093857361

2.839495696512797, 33.53285500187609
-40.88777405385939, 10.336821900733973
35.1035513819128, -80.55186227061603

-0.06155705999865013, 33.57920179071103
-42.39172698360173, 14.042039418627558
38.366801288945204, -76.87314127860692

-3.2948074750513605, 33.60923333647328
-40.020036842446345, 12.492556898047749
37.08235452908282, -74.0531916800625

-4.497029319059078, 33.52401198639332
-40.73379859676086, 11.390662129029934
39.40323959332711, -71.68994272014316

