11.77592664033759
23.54325143506546
35.31057622979309
47.07790102451897
58.84522581924485
70.6297543051911
82.39707909991698
94.18160758586322
105.93172868936874
117.69905348409462
129.46637827882168
141.25090676477765
153.01823155951325
164.80276004546923
176.57008484020483
188.33740963494043
200.10473442967603
211.87205922441163
223.63938401914723
235.4239125051032
247.1912372998388
258.9585620945696
270.72588688928573
282.4932116840019
294.26053647871805
306.04506496465456
317.8123897593707
329.5797145540869
341.34703934880304
353.1143641435192
364.88168893823536
376.66621742417186
388.433542218888
400.2180707048245
411.9853954995407
423.7355166030365
435.50284139775266
447.28736988368917
459.0546946784053
470.83922316434183
482.606547959058
494.3566690625538
506.12399385726997
517.908522343226
529.675847137981
541.4603756239565
553.2277004187115
564.9950252134665
576.7623500082216
588.5296748029766
600.2969995977317
612.0815280837071
623.8488528784621
635.6161776732172
647.3835024679722
659.1508272627273
670.9181520574823
682.7026805434577
694.4700053382128
706.2373301329678
718.0046549277229
729.7719797224779
741.539304517233
753.3238330032084
765.0911577979634
776.8584825927185
788.6258073874735
800.3931321822286
812.1604569769836
823.944985462959
835.7123102577141
847.4796350524691
859.2469598472242
871.0142846419792
882.7816094367342
894.5489342314893
906.3334627174647
918.1007875122198
929.8681123069748
941.6354371017298
953.4027618964849
965.1700866912399
976.9546151772154
988.7391436631908
1000.5064684579459
1012.2737932527009
1024.0239143562355
1035.7912391509906
1047.575767636966
1059.343092431721
1071.110417226476
1082.8777420212311
1094.6450668159862
1106.4123916107412
1118.1969200967167
1129.9642448914717
1141.7487733774472
1153.5160981722022
1165.2834229669572
1177.0507477617123
1188.8180725564673
1200.5853973512224
1212.3699258371978
1224.1372506319528
1235.9045754267079
1247.6546965302425
1259.4220213249976
1271.1893461197526
1282.973874605728
1294.741199400483
1306.5085241952381
1318.2758489899932
1330.0431737847482
1341.8104985795032
1353.5950270654787
1365.3623518602337
1377.1468803462092
1388.8970014497438
1400.6643262444989
1412.431651039254
1424.198975834009
1435.9835043199844
1447.7508291147394
1459.5181539094945
1471.2854787042495
1483.0355998077841
1494.8201282937596
1506.5874530885146
1518.37198157449
1530.139306369245
1541.9066311640001
