1.4709155993409266
2.9504330442920326
4.412746798022787
5.892264242973931
7.3545779967047125
8.834095441655816
10.296409195386522
11.77592664033759
13.238240394068296
14.717757839019363
16.180071592750085
17.659589037701306
19.121902791432163
20.601420236383383
22.06373399011424
23.54325143506546
25.005565188796318
26.48508263374754
27.947396387478395
29.409710141209253
30.889227586160473
32.35154133989126
33.83105878484218
35.29337253857273
36.77288998352365
38.2352037372542
39.71472118220512
41.17703493593567
42.65655238088659
44.11886613461714
45.59838357956806
47.06069733329861
48.54021477824953
50.00252853198008
51.482045976931
52.94435973066155
54.40667348439211
55.88619092934302
57.34850468307358
58.82802212802449
60.29033588175505
61.76985332670596
63.23216708043652
64.71168452538744
66.173998279118
67.65351572406891
69.11582947779947
70.59534692275038
72.05766067648094
73.53717812143185
74.9994918751624
76.47900932011332
77.94132307384388
79.42084051879479
80.88315427252535
82.36267171747626
83.82498547120682
85.30450291615773
86.76681666988829
88.2463341148392
89.70864786856976
91.18816531352067
92.65047906725123
94.12999651220214
95.5923102659327
97.07182771088361
98.53414146461417
100.01365890956508
101.47597266329564
102.95549010824655
104.4178038619771
105.89732130692802
107.35963506065858
108.83915250560949
110.30146625934005
111.78098370429096
113.24329745802152
114.70561121175207
116.18512865670299
117.64744241043354
119.12695985538446
120.58927360911501
122.06879105406593
123.53110480779648
125.0106222527474
126.47293600647795
127.95245345142887
129.41476720516056
130.8942846501127
132.35659840384446
133.8361158487966
135.29842960252836
136.7779470474805
138.24026080121226
139.7197782461644
141.18209199989616
142.6616094448483
144.12392319858006
145.6034406435322
147.06575439726396
148.5452718422161
150.00758559594786
151.4871030409
152.94941679463176
154.4289342395839
155.89124799331566
157.3707654382678
158.83307919199956
160.3125966369517
161.77491039068346
163.2544278356356
164.71674158936736
166.1962590343195
167.65857278805126
169.1380902330034
170.60040398673516
172.0799214316873
173.54223518541906
175.0217526303712
176.48406638410296
177.9635838290551
179.42589758278686
180.88821133651862
182.36772878147076
183.83004253520252
185.30955998015466
186.77187373388642
188.25139117883856
189.71370493257032
191.19322237752246
192.65553613125422
194.13505357620636
195.59736732993812
197.07688477489026
198.53919852862202
200.01871597357416
201.48102972730592
202.96054717225806
204.42286092598982
205.8851746797216
207.36469212467372
208.8270058784055
210.30652332335762
211.7688370770894
213.24835452204152
214.7106682757733
216.19018572072542
217.6524994744572
219.13201691940932
220.5943306731411
222.07384811809322
223.536161871825
225.01567931677712
226.4779930705089
227.95751051546102
229.43702796041316
230.89934171414492
232.37885915909706
233.84117291282882
235.32069035778096
236.78300411151272
238.26252155646486
239.72483531019662
241.1871490639284
242.66666650888052
244.1289802626123
245.60849770756442
247.0708114612962
248.55032890624832
250.0126426599801
251.49216010493222
252.954473858664
254.43399130361612
255.8963050573479
257.3758225022978
258.83813625602716
260.31765370097685
261.7799674547062
263.24228120843554
264.72179865338524
266.1841124071146
267.6636298520643
269.1259436057936
270.6054610507433
272.06777480447266
273.54729224942236
275.0096060031517
276.4891234481014
277.95143720183074
279.43095464678044
280.8932684005098
282.35558215423913
283.8350995991888
285.29741335291817
286.77693079786786
288.2392445515972
289.7187619965469
291.18107575027625
292.66059319522594
294.1229069489553
295.602424393905
297.06473814763433
298.544255592584
300.00656934631337
301.48608679126306
302.9484005449924
304.4279179899421
305.89023174367145
307.36974918862114
308.8320629423505
310.3115803873002
311.77389414102953
313.2534115859792
314.71572533970857
316.19524278465826
317.6575565383876
319.1370739833373
320.59938773706665
322.07890518201634
323.5412189357457
325.0207363806954
326.48305013442473
327.9625675793744
329.42488133310377
330.90439877805346
332.3667125317828
333.82902628551216
335.30854373046185
336.7708574841912
338.2503749291409
339.71268868287024
341.19220612781993
342.6545198815493
344.13403732649897
345.5963510802283
347.075868525178
348.53818227890736
350.0004960326367
351.4800134775864
352.94232723131574
354.42184467626544
355.8841584299948
357.3636758749445
358.8259896286738
360.3055070736235
361.76782082735286
363.24733827230256
364.7096520260319
366.1891694709816
367.65148322471094
369.13100066966064
370.59331442339
372.0728318683397
373.535145622069
375.0146630670187
376.47697682074806
377.95649426569776
379.4188080194271
380.8983254643768
382.36063921810614
383.84015666305584
385.3024704167852
386.7819878617349
388.2443016154642
389.7238190604139
391.18613281414326
392.66565025909296
394.1279640128223
395.607481457772
397.06979521150134
398.54931265645104
400.0116264101804
401.4911438551301
402.9534576088594
404.4329750538091
405.89528880753846
407.3576025612678
408.8371200062175
410.29943375994685
411.77895120489654
413.2412649586259
414.7207824035756
416.18309615730493
417.6626136022546
419.12492735598397
420.60444480093366
422.066758554663
423.52907230839236
425.00858975334205
426.4709035070714
427.9504209520211
429.41273470575044
430.89225215070013
432.3545659044295
433.83408334937917
435.2963971031085
436.7759145480582
438.23822830178756
439.71774574673725
441.1800595004666
442.6595769454163
444.12189069914564
445.60140814409533
447.0637218978247
448.54323934277437
450.0055530965037
451.4850705414534
452.94738429518276
454.42690174013245
455.8892154938618
457.3687329388115
458.83104669254084
460.31056413749053
461.7728778912199
463.25239533616957
464.7147090898989
466.17702284362827
467.65654028857796
469.1188540423073
470.598371487257
472.06068524098634
473.54020268593604
475.0025164396654
476.4820338846151
477.9443476383444
479.4238650832941
480.88617883702346
482.3484925907528
483.8280100357025
485.29032378943185
486.76984123438154
488.2321549881109
489.7116724330606
491.17398618678993
492.6535036317396
494.115817385469
495.5781311391983
497.057648584148
498.51996233787736
499.99947978282705
501.4617935365564
502.9413109815061
504.40362473523544
505.88314218018513
507.3454559339145
508.8077696876438
510.2872871325935
511.74960088632287
513.2291183312766
514.6914320850108
516.1709495299654
517.6332632836995
519.1127807286541
520.5750944823883
522.0546119273429
523.516925681077
524.9964431260316
526.4587568797658
527.9382743247204
529.4005880784546
530.8801055234092
532.3424192771433
533.8219367220979
535.2842504758321
536.7637679207867
538.2260816745209
539.7055991194754
541.1679128732096
542.6474303181642
544.1097440718984
545.589261516853
547.0515752705871
548.5310927155417
549.9934064692759
551.4557202230101
552.9352376679647
554.3975514216988
555.8770688666534
557.3393826203876
558.8189000653422
560.2812138190764
561.7607312640309
563.2230450177651
564.6853587714993
566.1648762164539
567.627189970188
569.1067074151426
570.5690211688768
572.0485386138314
573.5108523675656
574.9731661212998
576.4526835662543
577.9149973199885
579.3945147649431
580.8568285186773
582.3363459636319
583.798659717366
585.2781771623206
586.7404909160548
588.2200083610094
589.6823221147436
591.1618395596981
592.6241533134323
594.1036707583869
595.5659845121211
597.0455019570757
598.5078157108098
599.9873331557644
601.4496469094986
602.9291643544532
604.3914781081874
605.8709955531419
607.3333093068761
608.7956230606103
610.2751405055649
611.737454259299
613.2169717042536
614.6792854579878
616.1588029029424
617.6211166566766
619.1006341016312
620.5629478553653
622.0424653003199
623.5047790540541
624.9842964990087
626.4466102527429
627.908924006477
629.3884414514316
630.8507552051658
632.3302726501204
633.7925864038546
635.2549001575887
636.7344176025433
638.1967313562775
639.6762488012321
641.1385625549663
642.6008763087004
644.080393753655
645.5427075073892
647.0050212611234
648.484538706078
649.9468524598121
651.4091662135463
652.8886836585009
654.3509974122351
655.8305148571897
657.2928286109238
658.755142364658
660.2346598096126
661.6969735633468
663.1764910083014
664.6388047620355
666.1011185157697
667.5806359607243
669.0429497144585
670.522467159413
671.9847809131472
673.4642983581018
674.926612111836
676.4061295567906
677.8684433105248
679.3479607554793
680.8102745092135
682.2725882629477
683.7521057079023
685.2144194616365
686.693936906591
688.1562506603252
689.6185644140594
691.098081859014
692.5603956127482
694.0227093664823
695.5022268114369
696.9645405651711
698.4268543189053
