6.28794914104226
12.584500127694568
18.863847423126717
25.160398409779585
31.43974570521209
37.73629669186378
44.015643987294986
50.294991282726194
56.59154226937776
62.87088956480897
69.16744055146054
75.46399153811211
81.74333883354332
88.03988982019489
94.3192371156261
100.61578810227766
106.89513539770887
113.17448269314008
119.47103367979165
125.75038097522285
132.04693196187773
138.32627925731413
144.6228302439709
150.9021775394073
157.19872852606406
163.49527951272083
169.77462680815722
176.071177794814
182.3505250902504
188.64707607690715
194.92642337234355
201.20577066777994
207.5023216544367
213.7816689498731
220.07821993652988
226.37477092318665
232.65411821862304
238.9506692052798
245.24722019193658
251.52656748737297
257.80591478280644
264.1024657694528
270.3818130648788
276.66116036030485
282.9577113469512
289.23705864237724
295.5336096290236
301.8129569244496
308.109507911096
314.40605889774235
320.6854061931684
326.98195717981474
333.26130447524076
339.5406517706668
345.83720275731315
352.11655005273917
358.41310103938554
364.69244833481156
370.9889993214579
377.26834661688395
383.5648976035303
389.8614485901767
396.1407958856027
402.43734687224907
408.7166941676751
414.9960414631011
421.2925924497475
427.5719397451735
433.86849073181986
440.1478380272459
446.44438901389225
452.72373630931827
459.02028729596464
465.316838282611
471.596185578037
477.87553287346304
484.1720838601094
490.45143115553543
496.73077845096145
503.0273294376078
509.30667673303384
515.6032277196921
521.8825750151389
528.179126001806
534.4756769884732
540.75502428392
547.0515752705871
553.3309225660339
559.6274735527011
565.9068208481478
572.1861681435946
578.4827191302618
584.7620664257086
591.0586174123757
597.3551683990429
603.6345156944897
609.9310666811568
616.227617667824
622.5069649632708
628.7863122587175
635.0828632453847
641.3622105408315
647.6415578362783
653.9381088229454
660.2174561183922
666.5140071050594
672.7933544005061
679.0899053871733
685.3692526826201
691.6658036692872
697.945150964734
704.2417019514012
710.521049246848
716.8176002335151
723.0969475289619
729.3762948244087
735.6728458110758
741.9521931065226
748.2487440931898
754.5452950798569
760.8246423753037
767.1211933619709
773.417744348638
779.6970916440848
785.9764389395316
792.2729899261988
798.5523372216455
804.8316845170923
811.1282355037595
817.4075827992062
823.7041337858734
830.0006847725406
836.2800320679873
842.5765830546545
848.8559303501013
855.1352776455481
861.4318286322152
867.711175927662
873.9905232231088
880.2870742097759
886.5664215052227
892.8629724918899
899.1423197873366
905.4388707740038
911.735421760671
918.0147690561178
924.3113200427849
930.5906673382317
936.8700146336785
943.1665656203456
949.4459129157924
955.7424639024596
962.0218111979063
968.3183621845735
974.5977094800203
980.8942604666875
987.1908114533546
993.4701587488014
999.7667097354686
1006.0460570309153
1012.3254043263621
1018.6219553130293
1024.901302608476
1031.1806499039228
1037.47720089059
1043.7565481860368
1050.053099172704
1056.3324464681507
1062.6289974548179
1068.9083447502646
1075.2048957369318
1081.4842430323786
1087.7807940190457
1094.0601413144925
1100.3394886099393
1106.6360395966065
1112.9153868920532
1119.2119378787204
1125.4912851741672
1131.7878361608343
1138.0843871475015
1144.3637344429483
1150.6602854296154
1156.9396327250622
1163.218980020509
1169.5155310071762
1175.794878302623
1182.0742255980697
1188.3707765847369
1194.6501238801836
1200.9466748668508
1207.243225853518
1213.5225731489647
1219.819124135632
1226.0984714310787
1232.3778187265254
1238.6571660219722
1244.9537170086394
1251.2330643040862
1257.512411599533
1263.8089625862
1270.0883098816469
1276.384860868314
1282.6642081637608
1288.960759150428
1295.2401064458747
1301.536657432542
1307.8160047279887
1314.0953520234355
1320.3919030101026
1326.6712503055494
1332.9505976009962
1339.2471485876633
1345.52649588311
1351.8230468697773
1358.1195978564444
1364.3989451518912
1370.6954961385584
1376.9748434340052
1383.254190729452
1389.550741716119
1395.8300890115659
1402.1094363070126
1408.3887836024594
1414.6853345891266
1420.9646818845733
1427.2612328712405
1433.5405801666873
1439.8371311533544
1446.1164784488012
1452.395825744248
1458.6923767309152
1464.971724026362
1471.2510713218087
1477.5304186172555
1483.8097659127022
1490.1063168993694
1496.3856641948162
1502.6822151814833
1508.9787661681505
1515.2581134635973
1521.5546644502645
1527.8340117457112
1534.113359041158
1540.4099100278252
1546.689257323272
