3.8622286789712024
7.715855512332317
11.569482345693254
15.423109179054174
19.27673601241543
23.130362845776748
26.983989679138066
30.854820203719747
34.70844703708051
38.56207387044103
42.415700703801555
46.26932753716208
50.1229543705226
53.97658120388312
57.830208037243644
61.683834870604166
65.5374617039647
69.39108853732522
73.24471537068574
77.11554589526662
80.96917272862714
84.82279956198767
88.67642639534819
92.53005322870871
96.38368006206923
100.23730689542975
104.09093372879028
107.9445605621508
111.79818739551132
115.65181422887184
119.50544106223236
123.35906789559289
127.21269472895341
131.06632156231643
134.9371520869005
138.79077892026422
142.64440575362792
146.49803258699163
150.35165942035533
154.20528625371904
158.05891308708274
161.92974361166682
165.78337044503053
169.63699727839423
173.49062411175794
177.34425094512164
181.19787777848535
185.05150461184905
188.90513144521276
192.75875827857647
196.61238511194017
200.46601194530388
204.31963877866758
208.19046930325166
212.04409613661537
215.89772296997907
219.75134980334278
223.60497663670648
227.4586034700702
231.3122303034339
235.18306082801797
239.03668766138168
242.89031449474538
246.7439413281091
250.5975681614728
254.4511949948365
258.30482182819645
262.1584486615538
266.01207549491113
269.86570232826847
273.7193291616258
277.57295599498315
281.4265828283405
285.2802096616978
289.13383649505516
292.9874633284125
296.8582938529902
300.7119206863475
304.56554751970486
308.4191743530622
312.27280118641954
316.1264280197769
319.9800548531342
323.83368168649156
327.70451221106924
331.5581390444266
335.4117658777839
339.26539271114126
343.1190195444986
346.97264637785594
350.8262732112133
354.6799000445706
358.53352687792795
362.3871537112853
366.24078054464263
370.09440737799997
373.9480342113573
377.818864735935
381.67249156929233
385.5261184026497
389.379745236007
393.23337206936435
397.0869989027217
400.940625736079
404.8114562606567
408.66508309401405
412.5187099273714
416.37233676072873
420.22596359408607
424.0795904274434
427.93321726080075
431.7868440941581
435.6404709275154
439.49409776087276
443.3477245942301
447.20135142758744
451.0549782609448
454.92580878552246
458.7794356188798
462.63306245223714
466.4866892855945
470.3403161189518
474.19394295230916
478.0475697856665
481.90119661902384
485.7548234523812
489.6084502857385
493.46207711909585
497.3157039524532
501.16933078581053
505.02295761916787
508.8765844525252
512.7302112858849
516.583838119255
520.4546686438455
524.3082954772156
528.1619223105856
532.0155491439557
535.8691759773258
539.7228028106958
543.5936333352863
547.4472601686564
551.3008870020265
555.1545138353965
559.0081406687666
562.8617675021367
566.7153943355067
570.5690211688768
574.4226480022469
578.276274835617
582.129901668987
585.9835285023571
589.8371553357272
593.6907821690972
597.5616126936877
601.4152395270578
605.2688663604279
609.1224931937979
612.976120027168
616.8297468605381
620.6833736939082
624.5542042184986
628.4078310518687
632.2614578852388
636.1150847186088
639.9687115519789
643.8051346941286
647.6587615274987
651.5123883608687
655.3660151942388
659.2368457188293
663.0904725521993
666.9440993855694
670.7977262189395
674.6513530523096
678.5049798856796
682.3586067190497
686.2122335524198
690.0830640770102
693.9366909103803
697.7903177437504
701.6439445771205
705.4975714104905
709.3511982438606
713.2048250772307
717.0584519106008
720.9120787439708
724.7657055773409
728.619332410711
732.472959244081
736.3265860774511
740.1802129108212
744.0338397441913
747.8874665775613
751.7582971021518
755.6119239355219
759.465550768892
763.319177602262
767.1728044356321
771.0264312690022
774.8800581023722
778.7336849357423
782.5873117691124
786.4409386024824
790.2945654358525
794.1481922692226
798.0018191025927
801.8554459359627
805.7090727693328
809.5799032939233
813.4335301272934
817.2871569606634
821.1407837940335
824.9944106274036
828.8480374607736
832.7016642941437
836.5552911275138
840.4261216521043
844.2797484854743
848.1333753188444
851.9870021522145
855.8406289855845
859.6942558189546
863.5306789611043
867.3843057944744
871.2379326278444
875.0915594612145
878.9451862945846
882.7988131279546
886.6524399613247
890.5232704859152
894.3768973192853
898.2305241526553
902.0841509860254
905.9377778193955
909.7914046527656
913.6450314861356
917.5158620107261
921.3694888440962
925.2231156774662
929.0767425108363
932.9303693442064
936.7839961775765
940.6376230109465
944.4912498443166
948.3448766776867
952.1985035110567
956.0521303444268
959.9057571777969
963.759384011167
967.613010844537
971.4666376779071
975.3202645112772
979.1910950358676
983.0447218692377
986.8983487026078
990.7519755359779
994.6056023693479
998.459229202718
1002.3128560360881
1006.1664828694582
1010.0201097028282
1013.8737365361983
1017.7273633695684
1021.5809902029384
1025.4346170363085
1029.2882438696786
1033.1418707030487
1036.9954975364187
1040.8491243697888
1044.7027512031589
1048.556378036529
1052.410004869899
1056.263631703269
1060.1172585366392
1063.9708853700092
1067.8417158945997
1071.6953427279698
1075.5489695613398
1079.3853927034895
1083.2390195368596
1087.0926463702297
1090.9462732035997
1094.7999000369698
1098.6535268703399
1102.50715370371
1106.36078053708
1110.21440737045
1114.0680342038202
1117.9216610371902
1121.7752878705603
1125.6461183951508
1129.4997452285209
1133.353372061891
1137.206998895261
1141.060625728631
1144.9142525620011
1148.7678793953712
1152.6215062287413
1156.4751330621114
1160.3287598954814
1164.1823867288515
1168.0360135622216
1171.8896403955916
1175.7432672289617
1179.5968940623318
1183.4333172044815
1187.2869440378515
1191.157774562442
1195.011401395812
1198.8650282291821
1202.7186550625522
1206.5722818959223
1210.4259087292924
1214.2795355626624
1218.1331623960325
1221.9867892294026
1225.8404160627726
1229.6940428961427
1233.5304660382924
1237.3840928716625
1241.2377197050325
1245.0913465384026
1248.9277696805523
1252.7813965139223
1256.6350233472924
1260.4886501806625
1264.3422770140326
1268.1959038474026
1272.0495306807727
1275.9031575141428
1279.7567843475128
1283.610411180883
1287.464038014253
1291.317664847623
1295.1712916809931
1299.0249185143632
1302.8785453477333
1306.714968489883
1310.568595323253
1314.4050184654027
1318.2586452987728
1322.0950684409224
1325.931491583072
1329.7679147252218
1333.6215415585918
1337.4579647007415
1341.2943878428912
